0000000	1	0	130	323	70	386	335	307	item	1	130	-1	
0000000	1	1	246	179	106	205	184	343	order	1	-1	246	
0000000	1	2	356	303	282	270	14	47	order	6	-6	47	
0000000	1	3	142	50	12	113	51	84	order	3	-3	51	
0000000	1	4	166	9	124	366	349	35	item	6	35	-6	
0000000	1	5	23	332	334	59	136	223	order	5	-5	136	
0000000	1	6	168	3	163	49	107	40	item	3	163	-4	
0000000	1	7	362	161	149	337	52	123	item	2	161	-2	
0000000	1	8	62	286	15	368	119	210	item	3	15	-3	
0000000	1	9	391	122	216	209	134	388	item	6	388	-6	
0000000	1	10	46	155	92	240	185	79	item	5	185	-5	
0000000	1	11	83	377	66	81	186	182	order	3	-3	186	
0000000	1	12	103	188	314	331	56	104	item	2	188	-4	
0000000	1	13	4	13	285	1	355	328	order	3	-3	328	
0000000	1	14	197	294	268	389	21	131	order	4	-4	389	
0000000	1	15	321	272	338	330	317	105	order	4	-4	330	
0000000	1	16	325	160	128	176	55	121	item	4	176	-4	
0000000	1	17	200	372	232	212	144	249	item	6	249	-6	
0000000	1	18	217	31	99	169	183	86	order	6	-6	86	
0000000	1	19	316	34	220	147	171	293	item	1	316	-1	
0000000	1	20	37	252	19	287	75	174	order	2	-2	37	
0000000	1	21	160	397	358	159	239	96	item	3	358	-3	
0000000	1	22	300	125	286	338	178	47	order	1	-1	300	
0000000	1	23	350	307	108	303	206	309	item	2	307	-3	
0000000	1	24	276	283	53	165	83	143	item	2	283	-3	
0000000	1	25	167	399	190	336	281	243	item	6	243	-6	
0000000	1	26	384	120	20	325	166	355	item	5	166	-5	
0000000	1	27	210	115	327	312	316	100	item	3	327	-3	
0000000	1	28	207	44	114	156	139	196	item	1	207	-1	
0000000	1	29	296	314	217	174	321	266	order	3	-3	217	
0000000	1	30	141	250	93	369	211	21	item	4	369	-4	
0000000	1	31	80	84	111	180	370	231	order	5	-5	370	
0000000	1	32	246	396	216	226	273	16	item	5	273	-5	
0000000	1	33	334	218	228	258	388	255	item	2	218	-3	
0000000	1	34	193	175	94	367	301	15	item	4	367	-4	
0000000	1	35	329	45	390	168	67	72	item	4	168	-4	
0000000	1	36	102	122	88	234	295	75	order	3	-3	88	
0000000	1	37	245	392	6	227	147	50	item	6	50	-6	
0000000	1	38	105	288	169	375	343	81	item	1	105	-1	
0000000	1	39	27	22	371	261	271	181	order	2	-2	27	
0000000	1	40	322	99	393	1	317	274	item	4	1	-4	
0000000	1	41	251	127	62	91	9	278	item	3	62	-6	
0000000	1	42	76	10	153	267	364	51	item	5	364	-5	
0000000	1	43	151	74	113	172	302	101	order	4	-4	172	
0000000	1	44	247	269	313	357	28	46	item	2	269	-2	
0000000	1	45	24	8	299	268	189	380	item	4	268	-4	
0000000	1	46	293	89	310	92	144	330	item	6	330	-6	
0000000	1	47	19	341	197	138	124	31	order	5	-5	124	
0000000	1	48	137	12	383	376	128	213	item	1	137	-1	
0000000	1	49	225	171	161	260	237	335	order	4	-4	260	
0000000	1	50	86	354	49	360	298	241	item	3	49	-3	
0000000	1	51	238	119	191	361	326	107	item	2	119	-2	
0000000	1	52	54	146	362	32	297	184	order	5	-5	297	
0000000	1	53	37	386	342	254	25	87	item	1	37	-1	
0000000	1	54	294	340	275	133	365	285	item	3	275	-3	
0000000	1	55	35	116	233	182	204	148	order	5	-5	204	
0000000	1	56	129	279	319	73	59	103	order	3	-3	319	
0000000	1	57	126	363	135	123	345	142	order	5	-5	345	
0000000	1	58	252	272	394	289	318	328	order	2	-2	63	
0000000	1	59	204	126	327	283	273	216	item	5	273	-5	
0000000	1	60	45	377	173	239	383	388	order	4	-4	239	
0000000	1	61	88	246	65	274	33	252	item	5	33	-5	
0000000	1	62	221	262	91	64	190	27	order	6	-6	27	
0000000	1	63	258	108	12	36	187	391	order	1	-1	258	
0000000	1	64	30	148	330	5	202	13	order	6	-6	13	
0000000	1	65	229	145	307	92	86	106	item	5	86	-5	
0000000	1	66	341	255	123	358	317	193	order	4	-4	358	
0000000	1	67	170	328	331	236	220	171	item	6	171	-6	
0000000	1	68	129	42	77	233	292	312	item	4	233	-4	
0000000	1	69	336	244	2	226	268	40	order	6	-6	40	
0000000	1	70	346	275	257	314	44	384	order	4	-4	314	
0000000	1	71	291	335	297	168	121	263	item	1	291	-2	
0000000	1	72	387	26	112	250	260	174	order	3	-3	26	
0000000	1	73	160	54	89	177	306	188	item	3	89	-3	
0000000	1	74	237	334	380	382	372	62	order	6	-6	62	
0000000	1	75	68	38	281	132	39	18	item	2	38	-2	
0000000	1	76	131	375	124	19	85	398	item	4	19	-4	
0000000	1	77	353	269	175	120	194	161	item	4	120	-4	
0000000	1	78	37	295	80	207	58	101	item	5	58	-5	
0000000	1	79	211	313	76	214	241	83	item	2	313	-3	
0000000	1	80	196	14	144	209	127	354	order	6	-6	354	
0000000	1	81	20	164	159	352	208	300	item	4	352	-4	
0000000	1	82	397	378	110	61	276	15	order	6	-6	15	
0000000	1	83	141	153	150	357	326	394	order	6	-6	394	
0000000	1	84	113	151	47	285	264	364	order	4	-4	285	
0000000	1	85	324	212	355	240	349	316	order	3	-3	355	
0000000	1	86	11	128	143	9	166	6	order	3	-3	143	
0000000	1	87	109	309	169	199	60	222	item	4	199	-4	
0000000	1	88	217	347	329	231	142	332	order	2	-2	350	
0000000	1	89	139	284	189	63	230	362	item	5	230	-5	
0000000	1	90	389	137	114	338	99	286	order	6	-6	286	
0000000	1	91	166	106	208	117	274	31	item	5	274	-5	
0000000	1	92	147	24	5	62	320	60	order	1	-1	5	
0000000	1	93	399	361	87	189	227	380	order	4	-4	189	
0000000	1	94	103	307	25	196	96	391	item	6	391	-6	
0000000	1	95	63	382	9	173	253	88	order	4	-4	173	
0000000	1	96	105	220	22	213	271	371	order	3	-3	37	
0000000	1	97	200	26	52	133	113	302	order	1	-1	200	
0000000	1	98	384	185	339	2	268	292	order	4	-4	2	
0000000	1	99	193	327	202	42	354	261	item	3	202	-3	
0000000	1	100	30	336	158	109	102	164	item	6	164	-6	
0000000	1	101	176	184	295	360	12	55	item	1	176	-2	
0000000	1	102	46	53	36	245	191	388	order	4	-4	245	
0000000	1	103	389	379	296	224	92	312	order	2	-2	296	
0000000	1	104	112	39	305	299	135	155	order	2	-2	135	
0000000	1	105	288	341	43	291	228	14	order	5	-5	61	
0000000	1	106	332	35	94	209	186	77	item	5	186	-5	
0000000	1	107	127	131	250	269	337	153	item	6	153	-6	
0000000	1	108	283	101	120	16	13	118	item	3	120	-3	
0000000	1	109	231	297	144	3	294	100	order	5	-5	294	
0000000	1	110	201	300	270	222	84	358	order	2	-2	300	
0000000	1	111	359	353	90	252	218	115	order	5	-5	218	
0000000	1	112	47	370	316	217	58	129	order	5	-5	58	
0000000	1	113	162	256	260	259	59	335	item	2	256	-3	
0000000	1	114	203	314	285	352	182	80	item	2	314	-2	
0000000	1	115	56	8	187	49	170	378	order	6	-6	378	
0000000	1	116	169	247	398	51	165	198	order	3	-3	398	
0000000	1	117	251	108	82	72	338	225	item	2	108	-2	
0000000	1	118	179	15	397	309	132	57	order	1	-1	179	
0000000	1	119	234	390	197	167	243	190	order	5	-5	243	
0000000	1	120	238	376	346	0	350	55	order	4	-4	0	
0000000	1	121	398	378	134	330	103	229	item	2	378	-2	
0000000	1	122	138	294	23	265	50	129	item	1	138	-1	
0000000	1	123	179	33	112	117	126	293	order	2	-2	62	
0000000	1	124	359	244	13	348	114	326	order	5	-5	114	
0000000	1	125	53	194	246	71	186	66	item	1	53	-1	
0000000	1	126	380	264	153	121	382	72	order	4	-4	121	
0000000	1	127	68	287	115	86	363	148	order	5	-5	363	
0000000	1	128	118	163	48	193	311	46	item	3	48	-3	
0000000	1	129	343	212	286	195	357	324	order	1	-1	343	
0000000	1	130	362	167	49	180	169	95	item	5	169	-5	
0000000	1	131	374	250	11	124	255	360	item	3	11	-3	
0000000	1	132	159	209	197	340	247	80	item	1	159	-3	
0000000	1	133	147	281	18	51	355	327	order	3	-3	18	
0000000	1	134	161	137	102	368	10	173	order	6	-6	173	
0000000	1	135	322	32	272	358	377	268	item	3	272	-3	
0000000	1	136	232	110	383	223	190	291	item	5	190	-5	
0000000	1	137	183	351	273	122	365	31	order	1	-1	183	
0000000	1	138	277	370	24	37	397	213	order	2	-2	140	
0000000	1	139	387	386	79	52	276	304	item	4	52	-4	
0000000	1	140	156	96	135	174	127	228	order	6	-6	135	
0000000	1	141	106	339	230	253	210	353	order	2	-2	339	
0000000	1	142	158	295	40	243	366	204	item	3	40	-1	
0000000	1	143	64	6	155	302	63	196	order	5	-5	63	
0000000	1	144	177	83	307	214	182	267	order	4	-4	214	
0000000	1	145	146	170	123	317	266	259	order	1	-1	146	
0000000	1	146	5	93	263	308	128	109	item	5	128	-5	
0000000	1	147	120	108	136	91	333	336	item	2	108	-2	
0000000	1	148	354	175	279	364	45	1	order	2	-2	364	
0000000	1	149	142	176	284	89	27	394	order	1	-1	142	
0000000	1	150	61	93	37	78	298	352	order	3	-3	93	
0000000	1	151	353	145	109	319	107	337	order	2	-2	337	
0000000	1	152	214	59	116	269	204	228	order	6	-6	228	
0000000	1	153	151	388	224	185	164	331	item	2	388	-2	
0000000	1	154	351	395	355	302	325	249	item	6	249	-6	
0000000	1	155	158	274	193	247	340	262	order	5	-5	340	
0000000	1	156	329	162	142	229	208	73	item	5	208	-5	
0000000	1	157	365	290	251	268	17	238	order	6	-6	238	
0000000	1	158	270	275	309	250	292	149	order	2	-2	275	
0000000	1	159	234	6	121	113	84	28	order	3	-3	113	
0000000	1	160	372	285	111	69	123	128	item	3	111	-2	
0000000	1	161	0	348	42	385	303	211	item	4	385	-4	
0000000	1	162	110	195	291	378	383	264	item	6	264	-6	
0000000	1	163	282	24	130	332	176	377	item	1	282	-1	
0000000	1	164	286	323	254	376	102	94	order	2	-2	323	
0000000	1	165	127	159	231	129	138	88	item	4	129	-4	
0000000	1	166	72	346	134	215	339	184	item	2	346	-2	
0000000	1	167	198	137	144	347	305	114	item	2	137	-2	
0000000	1	168	191	370	91	90	243	181	item	3	91	-3	
0000000	1	169	119	153	65	321	304	200	item	1	119	-1	
0000000	1	170	26	382	296	316	160	255	item	6	255	-6	
0000000	1	171	260	44	83	344	105	156	order	2	-2	260	
0000000	1	172	363	360	188	165	29	393	order	1	-1	363	
0000000	1	173	246	350	294	358	371	369	order	4	-4	358	
0000000	1	174	13	315	245	25	143	203	order	6	-6	203	
0000000	1	175	202	100	217	320	295	219	order	6	-6	219	
0000000	1	176	82	314	51	57	146	244	order	3	-3	51	
0000000	1	177	227	106	361	11	120	80	item	1	227	-1	
0000000	1	178	86	21	381	55	297	2	item	2	21	-2	
0000000	1	179	311	96	357	232	336	12	order	3	-3	357	
0000000	1	180	63	131	98	364	240	293	item	6	293	-6	
0000000	1	181	335	122	117	99	375	318	item	4	99	-4	
0000000	1	182	333	257	135	166	324	288	item	5	324	-5	
0000000	1	183	209	373	366	179	398	279	order	5	-5	398	
0000000	1	184	317	95	281	333	242	398	item	4	333	-2	
0000000	1	185	267	138	44	274	395	51	item	2	138	-2	
0000000	1	186	57	127	288	346	243	312	order	2	-2	127	
0000000	1	187	396	137	56	76	381	26	order	1	-1	396	
0000000	1	188	208	30	196	116	246	339	item	1	208	-3	
0000000	1	189	216	297	186	278	184	259	order	2	-2	184	
0000000	1	190	33	388	176	48	220	159	item	3	176	-3	
0000000	1	191	41	6	232	299	359	365	order	4	-4	299	
0000000	1	192	145	225	49	156	77	261	item	5	77	-5	
0000000	1	193	205	16	237	291	135	105	item	4	291	-4	
0000000	1	194	218	38	167	371	273	295	order	3	-3	239	
0000000	1	195	357	72	394	380	370	54	item	4	380	-4	
0000000	1	196	397	19	215	32	399	39	order	1	-1	397	
0000000	1	197	372	104	162	224	28	227	item	5	28	-5	
0000000	1	198	334	360	18	110	126	308	order	1	-1	67	
0000000	1	199	153	324	7	160	368	313	item	5	368	-5	
0000000	1	200	391	266	347	296	240	249	order	1	-1	391	
0000000	1	201	244	10	97	1	0	217	order	2	-2	97	
0000000	1	202	75	165	25	303	213	94	order	6	-6	94	
0000000	1	203	109	238	37	284	119	364	order	1	-1	109	
0000000	1	204	245	172	263	163	193	214	item	6	214	-6	
0000000	1	205	187	277	20	389	290	298	order	6	-6	298	
0000000	1	206	161	81	125	280	212	226	item	3	125	-3	
0000000	1	207	173	142	122	248	206	342	order	1	-1	173	
0000000	1	208	285	140	269	200	287	260	order	5	-5	287	
0000000	1	209	65	141	310	286	349	86	order	1	-1	65	
0000000	1	210	114	59	113	190	255	11	item	4	190	-4	
0000000	1	211	265	99	270	382	124	78	item	1	265	-1	
0000000	1	212	305	194	236	301	91	60	order	5	-5	91	
0000000	1	213	100	272	46	311	320	155	order	3	-3	46	
0000000	1	214	143	70	387	370	7	193	order	1	-1	10	
0000000	1	215	6	31	1	335	43	156	order	5	-5	43	
0000000	1	216	242	346	397	176	244	381	item	6	381	-6	
0000000	1	217	84	392	197	314	376	160	order	4	-4	314	
0000000	1	218	171	122	19	364	181	180	item	1	171	-1	
0000000	1	219	76	39	106	120	363	119	order	5	-5	363	
0000000	1	220	64	141	310	241	345	274	item	2	141	-3	
0000000	1	221	223	56	338	348	343	45	item	6	45	-6	
0000000	1	222	388	194	121	99	302	297	item	1	388	-1	
0000000	1	223	375	113	359	326	162	265	order	4	-4	326	
0000000	1	224	94	48	247	316	258	12	item	3	247	-3	
0000000	1	225	34	25	199	347	389	136	order	3	-3	199	
0000000	1	226	59	253	196	154	287	60	order	6	-6	60	
0000000	1	227	66	275	101	290	378	35	item	6	35	-6	
0000000	1	228	153	116	317	282	22	300	order	3	-3	317	
0000000	1	229	238	329	206	298	112	174	order	4	-4	298	
0000000	1	230	50	3	271	365	170	108	item	5	170	-5	
0000000	1	231	107	2	129	140	390	292	item	3	129	-3	
0000000	1	232	212	65	61	15	277	235	item	1	212	-1	
0000000	1	233	80	384	304	266	33	344	item	1	80	-1	
0000000	1	234	228	218	221	217	130	9	order	2	-2	221	
0000000	1	235	207	342	75	157	82	36	item	6	36	-6	
0000000	1	236	146	262	279	198	150	14	order	2	-2	262	
0000000	1	237	111	4	155	71	0	295	item	6	295	-6	
0000000	1	238	284	373	224	328	28	73	order	1	-1	284	
0000000	1	239	88	92	236	179	256	114	item	4	179	-4	
0000002	1	0	96	126	154	33	69	95	item	5	69	-5	
0000002	1	1	381	284	293	162	131	367	item	5	131	-5	
0000002	1	2	243	327	263	130	46	173	order	4	-4	130	
0000002	1	3	262	348	301	393	31	177	item	2	348	-2	
0000002	1	4	212	300	72	226	7	306	item	5	7	-5	
0000002	1	5	305	70	349	252	310	283	order	6	-6	310	
0000002	1	6	129	48	318	270	323	268	item	6	268	-6	
0000002	1	7	3	125	127	26	309	65	item	1	3	-1	
0000002	1	8	109	389	53	201	326	242	item	6	242	-5	
0000002	1	9	185	107	317	13	105	344	order	4	-4	105	
0000002	1	10	353	253	191	163	115	136	order	2	-2	253	
0000002	1	11	139	347	1	158	213	289	item	1	139	-1	
0000002	1	12	6	373	220	368	90	199	order	4	-4	220	
0000002	1	13	377	64	319	265	134	328	item	2	64	-2	
0000002	1	14	382	156	203	157	340	248	item	1	382	-1	
0000002	1	15	335	114	369	210	351	372	order	2	-2	114	
0000002	1	16	272	394	82	350	299	193	item	4	350	-5	
0000002	1	17	40	38	384	207	103	54	order	6	-6	54	
0000002	1	18	117	334	337	266	396	22	item	6	22	-6	
0000002	1	19	83	237	135	161	205	256	order	3	-3	237	
0000002	1	20	169	198	385	55	182	118	item	2	198	-2	
0000002	1	21	17	392	188	398	181	77	item	1	17	-1	
0000002	1	22	308	32	386	50	14	225	order	3	-3	32	
0000002	1	23	164	351	46	4	317	70	order	1	-1	164	
0000002	1	24	298	329	304	66	149	101	item	3	304	-3	
0000002	1	25	5	3	191	349	219	108	order	1	-1	5	
0000002	1	26	116	257	154	140	291	48	order	2	-2	257	
0000002	1	27	167	183	182	283	170	19	item	1	167	-1	
0000002	1	28	258	60	155	15	269	127	order	2	-2	60	
0000002	1	29	288	292	388	187	51	209	item	2	292	-2	
0000002	1	30	56	117	305	134	201	229	order	1	-1	56	
0000002	1	31	186	252	45	159	241	104	item	4	159	-4	
0000002	1	32	381	128	312	55	399	72	item	4	55	-4	
0000002	1	33	226	61	325	98	255	44	item	2	61	-3	
0000002	1	34	328	121	178	280	52	22	order	3	-3	178	
0000002	1	35	147	256	18	86	43	391	item	3	18	-3	
0000002	1	36	242	207	62	276	85	49	order	3	-3	62	
0000002	1	37	177	123	383	270	174	390	item	6	390	-5	
0000002	1	38	125	343	380	71	35	95	item	4	71	-4	
0000002	1	39	27	215	107	171	163	115	order	5	-5	382	
0000002	1	40	393	281	275	337	396	14	item	1	393	-1	
0000002	1	41	88	372	16	90	91	263	order	1	-1	88	
0000002	1	42	73	38	194	368	214	63	item	6	63	-6	
0000002	1	43	74	279	373	110	247	99	item	4	110	-3	
0000002	1	44	277	64	354	384	397	222	item	2	64	-2	
0000002	1	45	32	206	347	346	204	151	order	1	-1	32	
0000002	1	46	363	285	78	79	69	94	item	2	285	-2	
0000002	1	47	357	26	196	379	331	195	order	4	-4	379	
0000002	1	48	224	129	344	41	213	150	order	2	-2	129	
0000002	1	49	118	369	289	306	97	12	item	1	118	-1	
0000002	1	50	120	132	365	323	370	339	order	1	-1	120	
0000002	1	51	366	30	157	315	398	89	order	3	-3	157	
0000002	1	52	311	342	358	333	362	348	order	3	-3	333	
0000002	1	53	378	260	84	1	232	119	item	4	1	-4	
0000002	1	54	198	251	371	293	338	59	order	6	-6	59	
0000002	1	55	366	195	350	136	34	333	order	4	-4	136	
0000002	1	56	253	16	296	147	377	295	item	4	147	-4	
0000002	1	57	129	239	17	177	154	178	order	2	-2	239	
0000002	1	58	192	54	87	383	223	98	order	4	-4	383	
0000002	1	59	232	362	92	286	328	352	item	4	286	-3	
0000002	1	60	4	382	277	111	262	28	item	4	111	-4	
0000002	1	61	6	120	237	321	196	304	order	4	-4	321	
0000002	1	62	18	289	236	173	199	216	item	4	173	-4	
0000002	1	63	143	231	112	327	345	299	item	6	299	-5	
0000002	1	64	267	365	390	220	83	100	order	3	-3	390	
0000002	1	65	314	8	217	56	259	303	item	5	259	-5	
0000002	1	66	35	274	104	233	142	183	order	4	-4	233	
0000002	1	67	341	311	306	354	82	60	item	3	306	-3	
0000002	1	68	399	166	14	107	287	203	item	4	107	-2	
0000002	1	69	51	134	326	215	316	363	order	6	-6	363	
0000002	1	70	204	219	172	201	331	211	order	1	-1	204	
0000002	1	71	305	32	49	119	127	12	item	1	305	-2	
0000002	1	72	95	319	174	63	5	39	item	3	174	-5	
0000002	1	73	229	115	152	187	53	67	item	6	67	-6	
0000002	1	74	86	197	168	61	269	202	order	6	-6	202	
0000002	1	75	145	164	252	381	349	148	order	2	-2	164	
0000002	1	76	368	181	76	165	395	141	order	1	-1	368	
0000002	1	77	161	20	66	55	58	118	order	6	-6	58	
0000002	1	78	384	256	240	23	238	334	order	6	-6	310	
0000002	1	79	114	110	70	37	68	374	order	5	-5	290	
0000002	1	80	369	176	293	90	85	264	order	6	-6	224	
0000002	1	81	11	292	21	50	43	140	item	2	292	-2	
0000002	1	82	163	41	94	273	10	265	order	3	-3	41	
0000002	1	83	131	243	124	184	75	260	order	1	-1	131	
0000002	1	84	367	170	386	284	102	167	order	6	-6	167	
0000002	1	85	387	103	384	145	112	42	order	2	-2	103	
0000002	1	86	140	67	98	53	288	334	order	4	-4	53	
0000002	1	87	33	242	226	347	122	390	order	5	-5	233	
0000002	1	88	4	45	61	320	287	88	item	3	61	-3	
0000002	1	89	82	108	121	324	376	23	order	1	-1	82	
0000002	1	90	94	277	130	58	300	198	item	4	58	-3	
0000002	1	91	193	321	231	223	74	267	order	3	-3	231	
0000002	1	92	396	84	90	263	259	327	item	3	90	-3	
0000002	1	93	28	269	345	313	317	1	order	3	-3	345	
0000002	1	94	204	158	333	258	303	179	order	6	-6	51	
0000002	1	95	100	22	174	230	213	292	order	1	-1	100	
0000002	1	96	370	207	60	326	35	371	order	3	-3	326	
0000002	1	97	167	178	270	309	315	361	item	4	309	-4	
0000002	1	98	36	380	124	279	294	147	item	3	124	-3	
0000002	1	99	336	123	159	311	76	106	item	1	336	-1	
0000002	1	100	165	181	274	243	245	115	item	2	181	-3	
0000002	1	101	199	91	395	128	47	160	item	2	91	-2	
0000002	1	102	20	26	251	191	217	196	order	4	-4	191	
0000002	1	103	57	18	299	257	261	39	order	4	-4	257	
0000002	1	104	368	310	163	399	129	97	item	6	97	-5	
0000002	1	105	325	143	78	339	93	10	item	1	325	-1	
0000002	1	106	389	344	276	363	197	148	item	4	363	-4	
0000002	1	107	101	87	335	331	186	224	item	5	186	-2	
0000002	1	108	96	15	102	265	46	176	item	1	96	-1	
0000002	1	109	166	307	350	125	291	0	order	2	-2	307	
0000002	1	110	189	362	64	358	62	107	order	3	-3	139	
0000002	1	111	246	155	142	14	346	329	order	1	-1	246	
0000002	1	112	322	359	328	239	218	203	order	3	-3	328	
0000002	1	113	154	40	222	304	118	323	item	3	222	-2	
0000002	1	114	332	132	227	210	236	305	item	6	305	-5	
0000002	1	115	391	162	131	342	283	114	order	4	-4	342	
0000002	1	116	357	59	95	340	185	175	item	5	185	-5	
0000002	1	117	66	99	187	151	253	91	order	5	-5	91	
0000002	1	118	32	262	3	271	11	263	item	6	263	-6	
0000002	1	119	333	312	166	62	246	259	order	5	-5	166	
0000002	1	120	257	16	260	302	243	217	order	1	-1	257	
0000002	1	121	13	106	147	332	227	221	order	5	-5	139	
0000002	1	122	162	76	314	28	142	155	item	5	142	-5	
0000002	1	123	163	86	241	75	169	370	item	2	86	-2	
0000002	1	124	299	131	343	358	39	97	order	6	-6	97	
0000002	1	125	394	114	354	362	176	196	order	2	-2	114	
0000002	1	126	48	47	153	282	31	319	order	3	-3	153	
0000002	1	127	2	325	148	152	73	280	order	4	-4	152	
0000002	1	128	183	235	34	273	68	350	order	5	-5	68	
0000002	1	129	46	356	78	64	27	311	order	3	-3	46	
0000002	1	130	190	234	201	89	90	305	order	1	-1	190	
0000002	1	131	42	322	287	197	324	10	item	5	324	-5	
0000002	1	132	112	173	383	335	12	211	order	4	-4	383	
0000002	1	133	202	216	222	109	365	132	order	2	-2	216	
0000002	1	134	397	226	367	321	108	289	item	3	367	-3	
0000002	1	135	100	355	255	270	393	158	order	2	-2	355	
0000002	1	136	105	146	318	22	149	179	order	4	-4	22	
0000002	1	137	93	292	385	182	36	206	item	2	292	-2	
0000002	1	138	69	178	141	154	94	29	order	6	-6	29	
0000002	1	139	288	61	278	6	342	377	item	5	342	-5	
0000002	1	140	382	56	185	309	346	70	order	2	-2	56	
0000002	1	141	225	0	371	208	96	140	item	2	0	-2	
0000002	1	142	348	334	102	245	286	230	item	2	334	-5	
0000002	1	143	188	35	295	256	249	203	item	1	188	-1	
0000002	1	144	264	316	138	123	72	320	order	1	-1	264	
0000002	1	145	232	369	398	169	361	217	item	6	217	-6	
0000002	1	146	230	383	367	316	9	107	order	5	-5	107	
0000002	1	147	297	29	210	341	245	117	item	5	245	-6	
0000002	1	148	35	381	364	299	93	337	order	2	-2	381	
0000002	1	149	340	161	295	288	158	268	item	3	295	-3	
0000002	1	150	178	67	86	168	343	235	order	5	-5	343	
0000002	1	151	42	47	195	53	266	250	item	3	195	-3	
0000002	1	152	68	358	132	16	40	73	order	2	-2	358	
0000002	1	153	2	120	274	244	151	279	item	3	274	-3	
0000002	1	154	142	118	87	134	208	81	order	4	-4	134	
0000002	1	155	226	298	237	137	52	320	item	5	52	-5	
0000002	1	156	276	313	376	131	74	64	item	2	313	-3	
0000002	1	157	69	85	286	173	329	365	order	4	-4	173	
0000002	1	158	44	122	112	27	191	284	order	2	-2	122	
0000002	1	159	254	309	105	48	24	251	order	1	-1	254	
0000002	1	160	36	186	384	347	21	162	item	5	21	-5	
0000002	1	161	61	258	368	12	96	229	item	4	12	-4	
0000002	1	162	373	205	140	377	391	315	item	6	315	-6	
0000002	1	163	219	324	150	77	318	221	order	6	-6	221	
0000002	1	164	38	49	206	322	310	334	item	2	49	-2	
0000002	1	165	379	84	319	71	353	236	item	5	353	-5	
0000002	1	166	23	386	18	222	110	194	item	5	110	-1	
0000002	1	167	99	119	88	283	91	351	item	1	99	-1	
0000002	1	168	130	10	345	1	241	342	order	1	-1	130	
0000002	1	169	34	362	176	202	280	17	order	5	-5	17	
0000002	1	170	143	314	207	265	170	355	item	3	207	-3	
0000002	1	171	83	0	273	121	380	165	item	3	273	-4	
0000002	1	172	193	275	184	160	5	51	item	6	51	-6	
0000002	1	173	139	220	357	183	46	190	item	5	46	-5	
0000002	1	174	200	289	360	157	115	285	order	3	-3	360	
0000002	1	175	248	15	252	26	197	129	order	2	-2	15	
0000002	1	176	339	133	233	62	203	196	order	3	-3	233	
0000002	1	177	296	101	349	311	292	33	item	6	33	-6	
0000002	1	178	109	144	177	308	253	352	item	1	109	-1	
0000002	1	179	293	399	393	338	344	179	order	3	-3	399	
0000002	1	180	258	182	260	372	110	261	item	3	260	-3	
0000002	1	181	2	56	213	326	310	359	order	2	-2	213	
0000002	1	182	161	293	273	138	97	64	item	2	293	-2	
0000002	1	183	398	291	381	333	275	257	item	5	275	-5	
0000002	1	184	5	239	357	167	277	230	item	1	5	-1	
0000002	1	185	245	115	90	129	249	43	order	5	-5	43	
0000002	1	186	377	202	77	338	19	96	order	5	-5	159	
0000002	1	187	44	30	185	262	306	58	order	6	-6	306	
0000002	1	188	153	187	215	336	294	124	item	6	124	-6	
0000002	1	189	164	111	189	280	335	101	item	1	164	-1	
0000002	1	190	282	32	354	254	154	393	item	4	254	-4	
0000002	1	191	315	47	399	144	155	169	item	2	47	-2	
0000002	1	192	394	88	24	376	190	267	order	6	-6	267	
0000002	1	193	218	209	170	348	132	321	item	5	132	-5	
0000002	1	194	92	193	296	243	145	283	item	6	283	-6	
0000002	1	195	128	212	395	322	287	4	item	2	212	-2	
0000002	1	196	389	38	89	205	41	188	item	6	188	-6	
0000002	1	197	361	301	339	62	130	346	item	5	130	-5	
0000002	1	198	237	45	210	252	342	384	order	5	-5	318	
0000002	1	199	95	353	157	28	17	208	order	5	-5	208	
0000002	1	200	73	295	356	63	86	362	item	4	63	-3	
0000002	1	201	14	40	388	219	20	162	item	2	40	-2	
0000002	1	202	191	0	197	114	158	281	order	6	-6	281	
0000002	1	203	350	327	224	49	26	121	order	5	-5	26	
0000002	1	204	106	148	385	156	16	27	item	5	16	-5	
0000002	1	205	323	285	133	300	288	192	item	1	323	-1	
0000002	1	206	174	150	100	37	142	221	order	5	-5	100	
0000002	1	207	317	120	204	66	15	60	order	4	-4	66	
0000002	1	208	76	200	104	269	171	39	item	1	76	-1	
0000002	1	209	206	48	186	75	180	172	order	1	-1	206	
0000002	1	210	23	271	85	141	222	183	order	5	-5	183	
0000002	1	211	223	173	351	53	10	276	order	1	-1	223	
0000002	1	212	118	250	324	152	67	240	order	6	-6	240	
0000002	1	213	391	289	235	160	50	284	order	2	-2	235	
0000002	1	214	102	305	7	265	140	165	item	6	165	-6	
0000002	1	215	295	236	371	217	75	97	item	6	97	-6	
0000002	1	216	288	191	1	275	103	67	item	4	275	-4	
0000002	1	217	385	302	92	309	171	395	order	1	-1	385	
0000002	1	218	235	54	317	79	188	298	item	5	188	-4	
0000002	1	219	289	321	333	69	134	259	item	3	333	-3	
0000002	1	220	162	149	211	123	101	216	order	6	-6	216	
0000002	1	221	325	247	240	341	175	59	order	3	-3	240	
0000002	1	222	65	267	399	23	152	269	item	3	399	-3	
0000002	1	223	320	124	331	88	300	318	item	6	318	-6	
0000002	1	224	118	225	121	378	239	125	order	6	-6	125	
0000002	1	225	169	290	9	351	26	73	order	6	-6	73	
0000002	1	226	196	261	77	322	392	85	item	3	77	-3	
0000002	1	227	241	398	336	154	264	144	item	4	154	-4	
0000002	1	228	284	266	342	389	49	20	item	1	284	-1	
0000002	1	229	339	141	35	12	153	111	order	5	-5	393	
0000002	1	230	16	350	337	70	116	48	order	5	-5	122	
0000002	1	231	391	160	40	107	178	113	order	4	-4	107	
0000002	1	232	56	356	135	397	8	31	item	3	135	-5	
0000002	1	233	146	251	327	272	243	41	item	1	146	-1	
0000002	1	234	98	37	100	367	139	232	item	4	367	-4	
0000002	1	235	194	255	86	223	0	195	order	4	-4	223	
0000002	1	236	281	387	57	219	184	94	order	2	-2	387	
0000002	1	237	53	384	109	151	252	330	item	3	109	-2	
0000002	1	238	303	112	27	52	3	61	order	3	-3	27	
0000002	1	239	174	2	185	199	258	133	order	5	-5	199	
0000003	1	0	129	42	182	261	282	71	item	6	71	-6	
0000003	1	1	365	197	128	273	301	387	item	6	387	-6	
0000003	1	2	47	216	103	374	83	190	item	5	83	-4	
0000003	1	3	223	264	212	313	119	321	item	5	119	-5	
0000003	1	4	338	355	290	241	123	122	order	2	-2	355	
0000003	1	5	376	147	289	113	275	386	item	1	376	-2	
0000003	1	6	227	59	156	205	234	277	item	5	234	-5	
0000003	1	7	309	220	37	104	370	136	item	4	104	-4	
0000003	1	8	215	152	352	299	226	154	item	5	226	-5	
0000003	1	9	198	332	62	125	0	384	item	4	125	-4	
0000003	1	10	143	195	38	225	214	327	order	4	-4	225	
0000003	1	11	139	369	342	267	244	127	order	4	-4	369	
0000003	1	12	262	317	102	349	1	356	item	6	356	-6	
0000003	1	13	306	138	280	243	247	145	item	3	280	-4	
0000003	1	14	185	362	171	21	298	229	item	4	21	-4	
0000003	1	15	270	86	196	177	45	210	order	6	-6	210	
0000003	1	16	316	149	258	94	24	252	order	4	-4	94	
0000003	1	17	274	19	208	235	60	200	order	4	-4	235	
0000003	1	18	236	51	199	314	187	334	order	6	-6	334	
0000003	1	19	367	110	98	10	109	228	item	3	98	-3	
0000003	1	20	189	255	135	354	117	134	item	6	134	-6	
0000003	1	21	100	114	351	206	245	347	item	1	100	-1	
0000003	1	22	172	339	319	67	73	373	item	1	172	-3	
0000003	1	23	188	297	266	7	18	242	order	3	-3	188	
0000003	1	24	335	238	286	12	31	288	item	2	238	-4	
0000003	1	25	99	352	124	392	303	306	order	1	-1	99	
0000003	1	26	59	263	39	273	340	249	order	3	-3	59	
0000003	1	27	389	145	268	367	271	164	item	3	268	-2	
0000003	1	28	85	235	388	216	42	83	order	3	-3	235	
0000003	1	29	244	218	240	54	366	399	order	3	-3	240	
0000003	1	30	201	375	318	370	174	151	item	6	151	-6	
0000003	1	31	169	48	161	8	154	148	item	4	8	-4	
0000003	1	32	176	11	196	117	243	387	order	5	-5	243	
0000003	1	33	87	322	302	64	257	24	order	3	-3	302	
0000003	1	34	27	179	265	90	173	121	order	4	-4	121	
0000003	1	35	185	46	89	391	237	14	order	1	-1	185	
0000003	1	36	305	261	247	376	289	311	order	5	-5	289	
0000003	1	37	279	152	84	299	109	168	order	5	-5	109	
0000003	1	38	281	199	178	191	140	147	order	6	-6	147	
0000003	1	39	126	103	194	232	242	70	order	2	-2	103	
0000003	1	40	4	349	313	252	171	33	order	5	-5	171	
0000003	1	41	13	327	106	357	386	292	order	4	-4	357	
0000003	1	42	369	115	34	212	282	233	item	1	369	-1	
0000003	1	43	10	183	162	264	55	347	order	3	-3	162	
0000003	1	44	189	119	114	229	72	221	item	1	189	-1	
0000003	1	45	16	60	32	63	146	284	item	2	60	-2	
0000003	1	46	204	378	348	297	231	107	order	4	-4	297	
0000003	1	47	331	0	324	130	259	251	item	5	259	-5	
0000003	1	48	57	203	280	398	353	101	order	3	-3	280	
0000003	1	49	25	181	198	177	211	209	order	3	-3	198	
0000003	1	50	339	61	159	226	74	382	order	2	-2	61	
0000003	1	51	210	179	87	395	175	251	item	3	87	-3	
0000003	1	52	342	122	46	26	357	221	order	2	-2	122	
0000003	1	53	199	220	126	332	335	361	order	3	-3	126	
0000003	1	54	48	170	139	56	306	198	order	4	-4	170	
0000003	1	55	330	188	5	75	288	124	order	2	-2	11	
0000003	1	56	168	259	374	237	200	82	order	1	-1	237	
0000003	1	57	44	161	160	25	368	311	order	4	-4	25	
0000003	1	58	358	43	298	131	107	347	order	6	-6	347	
0000003	1	59	146	289	397	322	114	29	item	5	114	-5	
0000003	1	60	380	172	74	80	167	68	order	2	-2	172	
0000003	1	61	269	196	228	144	76	66	item	3	228	-3	
0000003	1	62	7	134	280	14	226	359	item	4	14	-4	
0000003	1	63	96	277	72	15	2	253	order	4	-4	15	
0000003	1	64	243	223	256	283	365	174	item	1	243	-2	
0000003	1	65	390	278	325	208	57	102	order	1	-1	390	
0000003	1	66	286	22	42	294	350	371	item	5	350	-5	
0000003	1	67	91	165	271	142	296	387	item	3	271	-3	
0000003	1	68	55	63	163	182	129	216	order	2	-2	182	
0000003	1	69	356	180	189	384	213	360	order	5	-5	213	
0000003	1	70	263	151	19	117	334	231	item	3	19	-3	
0000003	1	71	110	38	17	329	162	252	order	4	-4	17	
0000003	1	72	207	141	185	391	295	132	item	6	132	-6	
0000003	1	73	309	254	157	336	321	301	item	1	309	-1	
0000003	1	74	238	105	234	353	388	381	item	1	238	-2	
0000003	1	75	227	386	100	304	50	183	item	5	50	-5	
0000003	1	76	20	279	303	206	128	367	item	3	303	-3	
0000003	1	77	79	235	268	382	351	273	order	5	-5	351	
0000003	1	78	261	315	136	293	222	35	order	6	-6	35	
0000003	1	79	92	130	10	241	186	111	item	5	186	-5	
0000003	1	80	307	40	41	36	215	18	item	2	40	-2	
0000003	1	81	61	290	47	95	250	78	order	6	-6	78	
0000003	1	82	284	297	152	169	264	73	item	4	169	-4	
0000003	1	83	266	40	275	180	199	189	item	3	275	-3	
0000003	1	84	73	352	375	298	208	107	item	6	107	-6	
0000003	1	85	336	26	2	397	326	48	order	4	-4	397	
0000003	1	86	340	325	227	54	137	323	order	1	-1	340	
0000003	1	87	146	74	103	145	156	290	item	6	290	-6	
0000003	1	88	211	181	388	171	300	119	item	6	119	-6	
0000003	1	89	85	252	267	265	307	179	item	3	267	-3	
0000003	1	90	234	10	111	261	106	368	order	6	-6	368	
0000003	1	91	142	16	133	6	257	75	item	2	16	-2	
0000003	1	92	297	246	263	270	230	63	item	1	297	-2	
0000003	1	93	104	29	395	353	157	384	item	4	353	-4	
0000003	1	94	305	283	331	271	170	239	order	6	-6	239	
0000003	1	95	273	278	98	269	311	206	order	4	-4	269	
0000003	1	96	13	45	41	15	247	100	order	2	-2	45	
0000003	1	97	66	79	376	354	327	203	order	2	-2	79	
0000003	1	98	144	168	308	272	345	232	order	5	-5	345	
0000003	1	99	47	95	369	361	260	139	order	2	-2	95	
0000003	1	100	258	71	160	212	213	386	order	5	-5	213	
0000003	1	101	94	198	114	226	34	322	order	4	-4	226	
0000003	1	102	147	218	35	158	248	293	item	1	147	-1	
0000003	1	103	83	373	344	250	335	324	order	3	-3	344	
0000003	1	104	78	292	314	202	233	76	order	3	-3	314	
0000003	1	105	392	367	127	161	243	154	item	1	392	-3	
0000003	1	106	306	151	205	223	183	165	item	4	223	-4	
0000003	1	107	374	136	393	55	12	328	order	3	-3	393	
0000003	1	108	276	96	105	387	184	229	item	1	276	-1	
0000003	1	109	349	244	268	110	390	77	order	4	-4	77	
0000003	1	110	255	197	172	299	128	22	order	6	-6	22	
0000003	1	111	118	188	370	64	167	359	order	6	-6	359	
0000003	1	112	174	315	126	24	14	33	item	1	174	-1	
0000003	1	113	208	258	300	28	80	87	order	1	-1	11	
0000003	1	114	92	244	89	22	246	299	item	1	92	-1	
0000003	1	115	284	165	71	151	97	252	order	2	-2	379	
0000003	1	116	347	396	255	283	371	193	item	5	371	-5	
0000003	1	117	312	232	188	331	18	282	order	1	-1	312	
0000003	1	118	385	139	32	112	4	245	item	6	245	-6	
0000003	1	119	144	145	131	387	170	265	item	4	387	-4	
0000003	1	120	100	29	37	308	221	236	order	5	-5	221	
0000003	1	121	292	147	199	362	6	63	item	2	147	-2	
0000003	1	122	328	319	120	110	47	247	order	6	-6	247	
0000003	1	123	25	126	192	88	296	173	item	5	296	-5	
0000003	1	124	330	306	160	204	393	33	order	1	-1	330	
0000003	1	125	194	166	376	390	86	363	item	6	363	-6	
0000003	1	126	263	260	130	179	154	50	order	6	-6	50	
0000003	1	127	294	365	38	23	61	259	order	3	-3	38	
0000003	1	128	243	83	44	223	196	67	order	1	-1	133	
0000003	1	129	336	228	367	195	9	341	item	4	195	-4	
0000003	1	130	149	129	386	163	186	359	order	2	-2	65	
0000003	1	131	8	153	105	10	106	290	item	1	8	-4	
0000003	1	132	95	207	77	176	45	234	item	5	45	-5	
0000003	1	133	220	349	20	84	140	320	item	5	140	-5	
0000003	1	134	177	361	0	275	90	222	order	1	-1	66	
0000003	1	135	183	148	115	117	187	215	order	1	-1	183	
0000003	1	136	13	60	41	172	5	72	order	5	-5	5	
0000003	1	137	317	171	316	339	15	27	item	4	339	-4	
0000003	1	138	325	24	225	150	329	48	item	5	329	-5	
0000003	1	139	321	189	104	43	218	382	order	2	-2	43	
0000003	1	140	368	346	238	267	81	251	item	2	346	-2	
0000003	1	141	197	281	79	185	108	26	item	4	185	-4	
0000003	1	142	383	98	332	200	91	298	order	5	-5	91	
0000003	1	143	82	68	1	224	242	75	item	2	68	-2	
0000003	1	144	21	158	146	302	291	191	item	4	302	-4	
0000003	1	145	161	201	219	54	389	182	order	1	-1	310	
0000003	1	146	389	96	397	371	178	270	item	6	270	-6	
0000003	1	147	20	42	308	37	281	26	item	2	42	-4	
0000003	1	148	159	366	52	253	151	174	item	6	174	-6	
0000003	1	149	134	339	291	348	283	146	order	4	-4	348	
0000003	1	150	135	61	34	92	243	172	order	1	-1	381	
0000003	1	151	118	149	6	214	380	317	item	3	6	-3	
0000003	1	152	167	190	121	67	386	78	order	5	-5	386	
0000003	1	153	50	100	89	168	299	277	item	1	50	-1	
0000003	1	154	232	298	22	242	115	15	item	3	22	-3	
0000003	1	155	171	35	231	272	176	93	order	3	-3	231	
0000003	1	156	309	357	73	236	81	224	item	4	236	-4	
0000003	1	157	217	180	320	155	370	145	item	2	180	-2	
0000003	1	158	394	32	143	278	390	364	order	4	-4	278	
0000003	1	159	276	153	173	333	227	385	item	3	173	-3	
0000003	1	160	122	204	384	103	275	1	order	6	-6	1	
0000003	1	161	144	69	91	51	244	346	order	5	-5	244	
0000003	1	162	88	354	353	83	123	377	item	5	123	-5	
0000003	1	163	210	19	304	399	365	285	order	3	-3	304	
0000003	1	164	234	203	117	240	347	85	order	6	-6	85	
0000003	1	165	355	131	90	107	324	2	item	2	131	-2	
0000003	1	166	49	97	331	246	360	48	item	1	49	-1	
0000003	1	167	349	120	8	337	374	332	order	4	-4	337	
0000003	1	168	351	114	391	361	105	305	order	6	-6	305	
0000003	1	169	341	163	302	119	60	295	order	6	-6	295	
0000003	1	170	368	157	263	393	369	250	order	5	-5	369	
0000003	1	171	71	41	28	194	315	113	order	2	-2	41	
0000003	1	172	101	206	18	147	4	199	order	3	-3	18	
0000003	1	173	106	222	75	254	221	229	order	6	-6	229	
0000003	1	174	40	321	38	170	175	212	order	4	-4	170	
0000003	1	175	382	140	87	262	79	338	item	3	87	-3	
0000003	1	176	156	121	200	290	397	194	item	3	200	-3	
0000003	1	177	9	248	176	14	48	86	item	6	86	-6	
0000003	1	178	315	349	361	249	344	277	order	1	-1	315	
0000003	1	179	374	372	221	331	393	71	item	4	331	-4	
0000003	1	180	127	46	7	201	77	107	order	3	-3	7	
0000003	1	181	243	198	347	247	364	263	item	6	263	-6	
0000003	1	182	94	276	332	326	15	84	order	2	-2	276	
0000003	1	183	59	342	160	362	346	147	item	6	147	-6	
0000003	1	184	292	286	232	319	358	229	item	6	229	-6	
0000003	1	185	314	120	316	377	183	214	order	5	-5	183	
0000003	1	186	376	187	359	79	383	238	order	2	-2	187	
0000003	1	187	148	20	39	251	328	279	item	2	20	-2	
0000003	1	188	102	231	98	33	278	13	order	3	-3	98	
0000003	1	189	352	5	170	97	24	244	item	2	5	-2	
0000003	1	190	60	153	381	142	91	321	item	6	321	-6	
0000003	1	191	313	371	219	215	237	16	item	4	215	-4	
0000003	1	192	10	268	395	298	141	304	item	3	395	-3	
0000003	1	193	255	234	379	3	103	4	item	2	234	-2	
0000003	1	194	239	335	355	283	220	119	item	3	355	-3	
0000003	1	195	123	209	253	210	49	83	order	6	-6	83	
0000003	1	196	44	23	348	70	152	163	item	1	44	-1	
0000003	1	197	337	312	182	373	204	218	item	2	312	-2	
0000003	1	198	131	140	188	137	354	96	order	3	-3	188	
0000003	1	199	128	138	250	199	73	301	order	6	-6	11	
0000003	1	200	129	159	309	389	72	269	order	6	-6	269	
0000003	1	201	297	43	208	62	284	325	item	2	43	-2	
0000003	1	202	111	258	80	295	382	21	order	3	-3	80	
0000003	1	203	184	396	264	155	294	245	item	1	184	-1	
0000003	1	204	126	58	151	8	106	356	order	1	-1	126	
0000003	1	205	42	164	233	67	139	193	item	5	139	-4	
0000003	1	206	90	133	124	146	366	185	item	5	366	-5	
0000003	1	207	307	134	166	224	300	50	item	3	166	-3	
0000003	1	208	217	196	289	211	293	37	item	4	211	-4	
0000003	1	209	150	66	216	351	29	256	item	2	66	-2	
0000003	1	210	329	394	327	61	330	45	order	5	-5	330	
0000003	1	211	378	267	262	206	392	281	order	2	-2	267	
0000003	1	212	80	237	85	41	241	262	order	1	-1	80	
0000003	1	213	209	146	74	284	310	9	item	3	74	-3	
0000003	1	214	202	83	140	188	120	345	order	2	-2	83	
0000003	1	215	67	230	265	292	155	128	order	5	-5	155	
0000003	1	216	279	150	381	308	396	315	item	5	396	-5	
0000003	1	217	264	293	12	350	393	62	item	5	393	-5	
0000003	1	218	182	395	198	160	252	220	item	4	160	-4	
0000003	1	219	247	260	372	270	268	106	item	5	268	-5	
0000003	1	220	79	240	63	390	300	132	item	4	390	-4	
0000003	1	221	317	239	286	153	116	17	order	5	-5	116	
0000003	1	222	289	129	343	34	82	173	order	1	-1	289	
0000003	1	223	244	210	135	25	137	399	item	2	210	-2	
0000003	1	224	43	51	273	164	357	255	order	1	-1	43	
0000003	1	225	154	296	354	37	272	321	item	2	296	-2	
0000003	1	226	367	313	40	127	387	178	order	1	-1	352	
0000003	1	227	355	113	291	259	141	1	order	1	-1	291	
0000003	1	228	216	332	2	351	13	307	item	1	216	-1	
0000003	1	229	283	190	327	86	347	368	order	2	-2	190	
0000003	1	230	117	186	263	54	65	5	order	4	-4	54	
0000003	1	231	251	341	104	126	94	285	order	5	-5	94	
0000003	1	232	27	365	167	131	384	181	item	2	365	-2	
0000003	1	233	242	258	342	358	254	353	item	6	353	-6	
0000003	1	234	47	157	334	151	32	197	item	6	197	-6	
0000003	1	235	225	243	134	389	119	101	order	2	-2	243	
0000003	1	236	189	0	68	303	158	311	item	4	303	-4	
0000003	1	237	223	8	30	28	90	39	item	2	8	-2	
0000003	1	238	136	15	109	278	346	60	order	5	-5	346	
0000003	1	239	329	159	66	87	122	81	item	3	66	-3	
0000004	1	0	121	306	221	264	218	295	order	6	-6	295	
0000004	1	1	200	396	169	20	102	370	item	6	370	-6	
0000004	1	2	61	123	52	164	367	137	item	4	164	-4	
0000004	1	3	222	211	248	103	198	77	item	5	198	-5	
0000004	1	4	135	239	247	129	195	361	item	2	239	-5	
0000004	1	5	17	242	279	291	381	88	order	1	-1	17	
0000004	1	6	90	30	322	128	43	299	item	1	90	-1	
0000004	1	7	131	178	25	345	327	250	order	4	-4	345	
0000004	1	8	379	337	257	378	109	32	item	6	32	-6	
0000004	1	9	368	64	251	80	263	323	order	6	-6	323	
0000004	1	10	176	352	317	183	387	260	item	5	387	-3	
0000004	1	11	122	59	350	119	186	108	order	6	-6	108	
0000004	1	12	241	393	191	53	132	151	item	5	132	-5	
0000004	1	13	325	14	179	115	152	5	item	6	5	-6	
0000004	1	14	330	373	110	58	111	224	item	3	110	-4	
0000004	1	15	171	133	338	205	232	55	item	6	55	-5	
0000004	1	16	155	60	226	365	227	281	order	4	-4	365	
0000004	1	17	243	219	107	42	38	267	item	2	219	-3	
0000004	1	18	305	318	351	392	44	275	order	6	-6	275	
0000004	1	19	249	236	349	255	141	184	order	2	-2	236	
0000004	1	20	18	70	106	321	287	172	item	5	287	-5	
0000004	1	21	196	91	336	146	316	148	item	2	91	-2	
0000004	1	22	15	304	208	285	386	78	order	2	-2	277	
0000004	1	23	176	391	263	230	301	150	item	2	391	-2	
0000004	1	24	132	245	107	178	246	272	order	1	-1	132	
0000004	1	25	50	174	119	371	209	102	order	2	-2	174	
0000004	1	26	284	11	22	267	392	70	order	1	-1	284	
0000004	1	27	87	343	330	250	127	151	order	3	-3	330	
0000004	1	28	288	187	5	218	344	349	item	4	218	-4	
0000004	1	29	386	212	235	141	319	364	order	5	-5	319	
0000004	1	30	196	242	48	138	362	215	item	6	215	-6	
0000004	1	31	200	217	188	381	123	222	item	1	200	-1	
0000004	1	32	385	76	19	360	363	28	item	5	363	-5	
0000004	1	33	229	90	148	134	249	221	item	3	148	-3	
0000004	1	34	182	255	24	269	307	23	order	2	-2	255	
0000004	1	35	106	104	271	155	317	223	item	6	223	-6	
0000004	1	36	224	280	228	121	44	340	item	3	228	-3	
0000004	1	37	166	130	328	82	12	374	item	1	166	-1	
0000004	1	38	260	93	380	289	379	49	item	5	379	-5	
0000004	1	39	92	204	91	337	18	41	order	4	-4	18	
0000004	1	40	214	191	115	395	95	113	item	3	115	-3	
0000004	1	41	216	38	136	277	122	68	item	2	38	-2	
0000004	1	42	194	56	61	169	334	47	item	1	194	-1	
0000004	1	43	316	4	29	78	247	147	item	4	78	-4	
0000004	1	44	254	305	54	186	181	33	order	1	-1	254	
0000004	1	45	327	45	293	239	143	128	order	6	-6	128	
0000004	1	46	283	320	73	306	139	297	order	2	-2	320	
0000004	1	47	9	302	98	257	338	135	item	5	338	-5	
0000004	1	48	57	225	157	368	378	300	order	3	-3	157	
0000004	1	49	20	205	356	279	36	7	item	1	20	-1	
0000004	1	50	26	259	232	281	52	13	order	6	-6	13	
0000004	1	51	292	268	84	137	384	120	item	6	120	-6	
0000004	1	52	126	109	30	184	357	252	order	4	-4	184	
0000004	1	53	387	220	326	265	129	149	item	3	326	-5	
0000004	1	54	180	144	308	58	32	183	order	5	-5	32	
0000004	1	55	207	295	140	318	161	291	order	3	-3	140	
0000004	1	56	350	53	177	213	231	322	order	1	-1	350	
0000004	1	57	163	37	219	354	287	97	item	4	354	-4	
0000004	1	58	60	309	267	62	54	14	order	5	-5	54	
0000004	1	59	247	263	35	359	150	181	item	6	181	-6	
0000004	1	60	91	42	178	159	85	297	item	1	91	-1	
0000004	1	61	8	71	63	392	338	284	item	4	392	-4	
0000004	1	62	17	39	254	226	313	207	item	4	226	-4	
0000004	1	63	116	323	120	396	304	179	order	6	-6	179	
0000004	1	64	109	107	2	48	248	31	order	4	-4	48	
0000004	1	65	322	129	98	386	41	242	item	4	386	-4	
0000004	1	66	269	227	28	214	38	78	item	4	214	-4	
0000004	1	67	390	395	130	88	351	24	order	4	-4	88	
0000004	1	68	215	30	283	201	72	294	order	2	-2	357	
0000004	1	69	21	56	210	132	174	84	order	4	-4	132	
0000004	1	70	232	328	93	384	236	142	item	1	232	-1	
0000004	1	71	45	299	397	100	343	243	order	4	-4	343	
0000004	1	72	388	302	43	10	76	6	item	2	302	-2	
0000004	1	73	128	89	365	327	296	176	order	2	-2	89	
0000004	1	74	301	194	238	361	36	306	item	6	306	-6	
0000004	1	75	186	240	189	290	187	211	item	1	186	-1	
0000004	1	76	278	27	253	318	251	22	order	2	-2	27	
0000004	1	77	307	81	0	140	66	329	item	3	0	-3	
0000004	1	78	57	204	358	264	155	259	order	4	-4	264	
0000004	1	79	5	385	182	200	244	59	item	5	244	-4	
0000004	1	80	298	160	95	80	355	268	order	6	-6	268	
0000004	1	81	222	252	137	394	352	105	item	2	252	-2	
0000004	1	82	124	333	23	7	118	344	order	4	-4	7	
0000004	1	83	374	360	175	162	300	64	item	6	64	-6	
0000004	1	84	32	372	173	256	356	285	item	1	32	-1	
0000004	1	85	230	148	9	378	121	180	order	2	-2	148	
0000004	1	86	146	110	82	16	261	113	item	4	16	-4	
0000004	1	87	303	184	44	119	342	51	item	2	184	-2	
0000004	1	88	46	326	213	58	324	348	order	6	-6	348	
0000004	1	89	117	191	380	103	249	157	order	2	-2	191	
0000004	1	90	367	138	195	141	115	166	item	3	195	-3	
0000004	1	91	352	306	314	125	360	336	item	3	314	-3	
0000004	1	92	21	310	163	396	133	218	order	6	-6	218	
0000004	1	93	374	363	267	71	57	341	item	5	57	-5	
0000004	1	94	134	269	216	29	56	22	order	3	-3	216	
0000004	1	95	111	9	42	189	104	379	order	3	-3	42	
0000004	1	96	313	62	206	281	278	83	order	5	-5	278	
0000004	1	97	249	124	305	36	113	81	item	3	305	-3	
0000004	1	98	85	151	94	355	97	230	order	1	-1	85	
0000004	1	99	299	23	203	70	20	280	order	4	-4	20	
0000004	1	100	202	247	370	161	37	290	order	5	-5	37	
0000004	1	101	351	224	298	177	243	204	order	3	-3	298	
0000004	1	102	293	317	174	150	114	92	order	2	-2	317	
0000004	1	103	106	93	319	242	4	399	item	1	106	-1	
0000004	1	104	183	137	258	348	392	40	order	5	-5	392	
0000004	1	105	316	338	31	128	323	162	item	5	323	-5	
0000004	1	106	250	294	271	266	165	327	item	3	271	-3	
0000004	1	107	347	110	18	283	5	300	order	4	-4	5	
0000004	1	108	47	383	139	398	102	60	order	5	-5	102	
0000004	1	109	54	213	376	367	27	384	order	4	-4	367	
0000004	1	110	142	166	188	49	10	158	order	5	-5	10	
0000004	1	111	156	358	178	262	75	64	order	4	-4	75	
0000004	1	112	244	77	84	28	282	309	item	5	282	-5	
0000004	1	113	334	138	157	32	369	15	item	6	15	-6	
0000004	1	114	187	390	372	115	12	255	item	2	390	-2	
0000004	1	115	241	179	344	39	251	254	item	1	241	-1	
0000004	1	116	295	171	205	354	199	257	item	6	257	-2	
0000004	1	117	362	91	122	67	371	253	order	3	-3	122	
0000004	1	118	11	44	240	208	53	19	item	4	208	-4	
0000004	1	119	30	109	277	72	391	286	order	6	-6	286	
0000004	1	120	394	146	276	378	17	143	order	3	-3	276	
0000004	1	121	133	349	78	296	288	313	order	5	-5	288	
0000004	1	122	161	17	205	1	141	279	item	6	279	-6	
0000004	1	123	344	157	40	113	346	190	order	5	-5	346	
0000004	1	124	97	64	170	232	272	24	item	3	170	-3	
0000004	1	125	294	212	314	21	73	100	order	2	-2	100	
0000004	1	126	85	237	145	105	366	197	order	1	-1	85	
0000004	1	127	207	173	243	159	359	50	order	1	-1	207	
0000004	1	128	25	216	167	104	285	194	order	3	-3	167	
0000004	1	129	229	171	383	158	101	189	order	1	-1	229	
0000004	1	130	311	107	154	222	255	26	order	3	-3	154	
0000004	1	131	394	230	373	151	258	332	order	2	-2	230	
0000004	1	132	340	234	103	70	116	223	item	6	223	-6	
0000004	1	133	28	19	193	121	268	130	order	2	-2	19	
0000004	1	134	123	312	60	11	199	80	item	2	312	-2	
0000004	1	135	166	188	378	110	325	9	order	2	-2	188	
0000004	1	136	211	53	163	33	277	10	item	6	10	-6	
0000004	1	137	265	392	242	12	370	49	item	4	12	-4	
0000004	1	138	62	358	155	98	220	204	item	1	62	-1	
0000004	1	139	32	374	3	214	316	302	order	6	-6	302	
0000004	1	140	357	352	76	381	94	395	order	4	-4	381	
0000004	1	141	341	210	228	127	377	281	item	3	228	-3	
0000004	1	142	287	213	351	54	324	165	item	1	287	-1	
0000004	1	143	361	398	125	8	356	191	item	6	191	-6	
0000004	1	144	339	379	139	183	114	247	order	6	-6	247	
0000004	1	145	330	249	75	129	208	117	order	2	-2	330	
0000004	1	146	84	328	184	178	18	168	item	4	178	-4	
0000004	1	147	221	368	273	322	48	369	item	1	221	-1	
0000004	1	148	326	192	44	335	148	143	order	5	-5	148	
0000004	1	149	176	259	180	231	89	2	item	5	89	-5	
0000004	1	150	372	217	257	389	354	376	item	4	389	-4	
0000004	1	151	301	108	298	36	109	77	item	2	108	-2	
0000004	1	152	41	399	248	90	252	79	order	5	-5	252	
0000004	1	153	59	396	91	367	214	289	order	5	-5	214	
0000004	1	154	123	258	179	190	226	211	order	1	-1	105	
0000004	1	155	65	73	320	344	25	104	order	5	-5	25	
0000004	1	156	160	392	321	240	326	281	item	6	281	-6	
0000004	1	157	56	88	291	115	378	108	item	4	115	-5	
0000004	1	158	355	330	181	382	171	346	order	3	-3	181	
0000004	1	159	228	261	70	63	149	391	order	3	-3	70	
0000004	1	160	359	175	125	335	194	185	item	6	185	-6	
0000004	1	161	234	150	85	20	97	183	item	5	97	-5	
0000004	1	162	11	361	273	307	23	313	order	2	-2	173	
0000004	1	163	229	350	322	366	280	250	order	1	-1	229	
0000004	1	164	94	148	241	17	43	319	item	3	241	-3	
0000004	1	165	155	299	132	166	252	294	item	4	166	-4	
0000004	1	166	288	235	151	16	290	323	item	3	151	-3	
0000004	1	167	269	6	157	358	120	262	order	5	-5	120	
0000004	1	168	310	201	365	215	224	245	item	1	310	-1	
0000004	1	169	393	163	49	377	27	386	order	3	-3	49	
0000004	1	170	293	159	318	220	167	264	item	1	293	-1	
0000004	1	171	21	328	188	99	66	311	order	6	-6	311	
0000004	1	172	249	81	127	93	356	169	order	6	-6	169	
0000004	1	173	69	296	45	100	101	180	item	6	180	-6	
0000004	1	174	110	331	199	236	314	300	item	5	314	-5	
0000004	1	175	52	354	353	164	285	385	item	5	285	-5	
0000004	1	176	256	227	109	165	218	134	order	3	-3	109	
0000004	1	177	14	246	292	332	340	46	order	3	-3	292	
0000004	1	178	339	255	348	304	212	137	item	2	255	-2	
0000004	1	179	342	84	35	139	347	40	item	3	35	-3	
0000004	1	180	301	202	74	92	58	244	order	1	-1	301	
0000004	1	181	233	78	232	200	41	383	order	3	-3	232	
0000004	1	182	30	154	136	388	158	257	item	1	30	-1	
0000004	1	183	156	26	316	170	267	265	item	5	267	-5	
0000004	1	184	270	50	83	55	4	32	item	5	4	-2	
0000004	1	185	272	3	399	8	119	360	order	5	-5	119	
0000004	1	186	156	389	181	0	349	208	order	1	-1	156	
0000004	1	187	244	222	321	324	383	62	item	3	321	-3	
0000004	1	188	41	105	294	202	320	61	order	1	-1	41	
0000004	1	189	376	100	168	154	391	89	item	4	154	-4	
0000004	1	190	207	125	198	172	216	329	order	2	-2	34	
0000004	1	191	68	326	374	151	107	79	order	1	-1	68	
0000004	1	192	31	93	292	148	85	313	item	2	93	-2	
0000004	1	193	180	355	16	278	21	38	order	3	-3	16	
0000004	1	194	354	194	60	76	45	142	order	6	-6	142	
0000004	1	195	9	336	271	5	77	291	order	6	-6	291	
0000004	1	196	110	363	379	2	228	149	item	5	228	-5	
0000004	1	197	237	69	51	234	186	262	item	2	69	-5	
0000004	1	198	387	366	224	205	72	240	item	2	366	-3	
0000004	1	199	327	144	304	28	169	317	order	4	-4	28	
0000004	1	200	399	40	116	377	193	137	order	1	-1	399	
0000004	1	201	238	364	58	243	396	344	order	6	-6	344	
0000004	1	202	239	118	351	245	53	196	order	6	-6	196	
0000004	1	203	150	173	306	160	176	18	order	5	-5	176	
0000004	1	204	55	94	157	192	140	1	order	1	-1	94	
0000004	1	205	359	362	163	252	26	171	item	1	359	-1	
0000004	1	206	242	162	209	47	32	250	item	4	47	-4	
0000004	1	207	227	25	353	300	64	323	item	2	25	-3	
0000004	1	208	20	201	260	285	298	253	item	3	260	-3	
0000004	1	209	280	96	17	131	184	311	order	6	-6	311	
0000004	1	210	11	126	135	368	73	297	item	3	135	-3	
0000004	1	211	255	382	333	33	358	165	order	2	-2	114	
0000004	1	212	7	191	226	256	284	179	order	5	-5	284	
0000004	1	213	334	52	185	189	345	361	order	1	-1	334	
0000004	1	214	87	119	44	283	59	347	order	4	-4	59	
0000004	1	215	343	169	377	311	52	189	item	3	377	-3	
0000004	1	216	305	25	118	135	251	348	item	2	25	-4	
0000004	1	217	46	191	145	201	313	339	order	1	-1	46	
0000004	1	218	24	245	14	222	8	325	order	4	-4	222	
0000004	1	219	119	171	18	192	127	368	order	3	-3	18	
0000004	1	220	250	213	318	337	91	22	order	1	-1	250	
0000004	1	221	163	391	85	211	272	208	item	6	208	-6	
0000004	1	222	37	177	167	157	375	202	item	1	37	-1	
0000004	1	223	299	363	69	1	241	314	order	5	-5	241	
0000004	1	224	398	210	160	92	216	47	item	2	210	-2	
0000004	1	225	144	290	13	129	288	286	order	2	-2	290	
0000004	1	226	389	292	246	267	388	385	order	3	-3	246	
0000004	1	227	166	36	193	159	162	323	item	4	159	-4	
0000004	1	228	175	315	75	153	296	6	item	4	153	-4	
0000004	1	229	255	17	112	235	59	80	item	4	235	-4	
0000004	1	230	110	253	281	95	76	122	item	5	76	-5	
0000004	1	231	20	381	366	327	378	70	item	3	366	-3	
0000004	1	232	174	344	291	23	225	4	item	2	344	-2	
0000004	1	233	206	137	146	317	133	50	item	2	137	-2	
0000004	1	234	73	349	128	63	15	346	order	4	-4	63	
0000004	1	235	310	121	345	101	60	277	item	1	310	-1	
0000004	1	236	233	262	334	335	42	218	order	5	-5	42	
0000004	1	237	77	372	195	300	362	29	order	4	-4	300	
0000004	1	238	223	178	328	197	355	364	item	5	355	-5	
0000004	1	239	204	280	319	97	269	326	order	3	-3	319	
0000005	1	0	269	238	306	376	361	321	item	2	238	-2	
0000005	1	1	338	215	362	211	248	20	order	5	-5	20	
0000005	1	2	367	366	246	137	14	311	order	6	-6	311	
0000005	1	3	38	27	336	125	384	46	order	2	-2	27	
0000005	1	4	396	45	115	151	196	281	item	5	196	-5	
0000005	1	5	373	152	201	180	349	380	order	1	-1	180	
0000005	1	6	339	5	220	382	234	118	item	2	5	-3	
0000005	1	7	50	52	389	86	315	212	order	4	-4	86	
0000005	1	8	108	308	131	77	154	251	order	3	-3	131	
0000005	1	9	216	254	272	72	239	111	item	1	216	-1	
0000005	1	10	390	95	183	7	277	184	order	4	-4	95	
0000005	1	11	383	159	87	83	143	353	item	1	383	-1	
0000005	1	12	232	302	41	271	142	356	item	6	356	-6	
0000005	1	13	44	22	130	18	17	8	order	5	-5	17	
0000005	1	14	147	387	161	116	210	188	order	1	-1	147	
0000005	1	15	206	202	6	73	319	395	item	5	319	-5	
0000005	1	16	283	235	286	364	252	3	order	2	-2	235	
0000005	1	17	110	155	178	141	163	253	item	6	253	-6	
0000005	1	18	61	123	112	370	65	379	item	4	370	-4	
0000005	1	19	16	1	100	128	363	28	item	2	1	-2	
0000005	1	20	53	10	92	131	41	187	order	6	-6	187	
0000005	1	21	4	337	97	274	275	63	item	5	275	-5	
0000005	1	22	300	138	6	209	324	369	order	5	-5	324	
0000005	1	23	236	182	141	47	18	223	item	1	236	-1	
0000005	1	24	80	117	259	83	233	165	order	5	-5	233	
0000005	1	25	148	216	332	22	106	7	item	1	148	-1	
0000005	1	26	341	109	40	24	2	173	order	3	-3	341	
0000005	1	27	33	178	55	231	174	9	item	2	178	-2	
0000005	1	28	339	76	353	358	251	396	order	2	-2	76	
0000005	1	29	37	372	64	235	343	171	item	3	64	-3	
0000005	1	30	164	161	118	389	266	86	item	3	118	-3	
0000005	1	31	32	354	189	355	66	212	order	3	-3	189	
0000005	1	32	14	113	347	94	240	207	order	1	-1	347	
0000005	1	33	344	159	12	234	136	326	order	5	-5	136	
0000005	1	34	311	258	318	172	264	13	order	2	-2	25	
0000005	1	35	238	137	190	246	51	367	item	4	246	-4	
0000005	1	36	77	133	210	269	303	26	order	3	-3	269	
0000005	1	37	319	111	11	363	180	243	item	1	319	-1	
0000005	1	38	8	371	397	142	257	254	order	5	-5	257	
0000005	1	39	370	276	20	279	386	176	item	2	276	-3	
0000005	1	40	305	232	124	90	382	377	item	6	377	-6	
0000005	1	41	224	146	282	119	61	273	order	2	-2	146	
0000005	1	42	184	310	151	380	195	129	item	3	151	-3	
0000005	1	43	285	270	87	105	35	123	order	6	-6	123	
0000005	1	44	317	229	261	219	208	23	order	2	-2	229	
0000005	1	45	244	125	16	364	249	383	item	3	16	-3	
0000005	1	46	154	325	71	357	38	314	order	1	-1	154	
0000005	1	47	391	204	121	271	348	101	item	5	348	-5	
0000005	1	48	153	157	237	144	225	44	item	5	225	-5	
0000005	1	49	134	65	248	226	67	183	item	2	65	-2	
0000005	1	50	327	49	365	297	262	290	order	4	-4	365	
0000005	1	51	56	103	277	362	200	30	item	6	30	-5	
0000005	1	52	386	129	385	61	81	9	order	6	-6	9	
0000005	1	53	383	270	395	264	342	262	order	5	-5	342	
0000005	1	54	244	257	319	349	112	353	item	5	112	-5	
0000005	1	55	295	68	70	231	148	200	item	3	70	-3	
0000005	1	56	266	367	182	333	22	125	item	2	367	-2	
0000005	1	57	190	235	331	357	302	97	item	1	190	-1	
0000005	1	58	168	251	142	2	225	183	order	2	-2	251	
0000005	1	59	36	281	294	239	305	11	order	6	-6	11	
0000005	1	60	312	20	105	116	109	202	order	6	-6	202	
0000005	1	61	211	214	265	234	261	228	order	3	-3	265	
0000005	1	62	313	158	255	63	127	291	item	5	127	-5	
0000005	1	63	278	174	378	124	114	352	order	4	-4	124	
0000005	1	64	8	141	79	329	13	366	item	4	329	-4	
0000005	1	65	372	144	247	296	254	62	item	4	296	-4	
0000005	1	66	30	42	354	345	206	135	item	6	135	-6	
0000005	1	67	268	78	267	216	4	67	item	4	216	-4	
0000005	1	68	219	156	131	318	218	176	order	1	-1	358	
0000005	1	69	356	252	43	26	275	274	order	6	-6	275	
0000005	1	70	192	121	93	308	282	246	item	3	93	-3	
0000005	1	71	393	237	7	199	271	300	item	1	393	-1	
0000005	1	72	238	136	301	6	108	399	order	1	-1	238	
0000005	1	73	390	392	396	326	201	27	order	6	-6	27	
0000005	1	74	177	336	222	203	223	172	item	1	177	-1	
0000005	1	75	167	322	340	292	0	126	order	4	-4	340	
0000005	1	76	364	50	161	38	10	113	order	5	-5	10	
0000005	1	77	55	91	173	128	90	165	item	2	91	-2	
0000005	1	78	316	138	304	83	86	351	order	1	-1	316	
0000005	1	79	307	17	226	184	151	152	order	3	-3	186	
0000005	1	80	159	283	1	73	48	45	item	3	1	-2	
0000005	1	81	394	284	384	365	35	298	item	4	365	-4	
0000005	1	82	137	77	243	132	163	377	item	4	132	-3	
0000005	1	83	82	198	47	260	5	250	order	6	-6	250	
0000005	1	84	295	24	280	1	183	81	item	6	81	-6	
0000005	1	85	373	245	331	215	233	65	item	3	331	-3	
0000005	1	86	306	2	363	161	210	232	item	6	232	-6	
0000005	1	87	127	262	109	364	132	393	item	6	393	-1	
0000005	1	88	91	102	181	105	200	133	order	4	-4	105	
0000005	1	89	141	304	307	167	326	315	order	3	-3	307	
0000005	1	90	85	44	153	51	137	224	item	5	137	-3	
0000005	1	91	42	159	19	128	73	362	item	3	19	-3	
0000005	1	92	297	114	246	3	288	104	order	6	-6	104	
0000005	1	93	299	260	231	93	248	75	order	3	-3	231	
0000005	1	94	177	263	145	131	305	12	order	4	-4	177	
0000005	1	95	172	152	176	369	348	18	item	3	176	-3	
0000005	1	96	142	118	71	374	322	339	item	2	118	-2	
0000005	1	97	164	100	57	190	175	213	item	2	100	-2	
0000005	1	98	387	124	178	249	197	283	order	5	-5	197	
0000005	1	99	349	35	31	243	150	82	order	5	-5	150	
0000005	1	100	342	58	112	198	202	196	item	4	198	-1	
0000005	1	101	378	136	158	234	390	87	order	1	-1	378	
0000005	1	102	273	386	166	395	211	56	item	2	386	-2	
0000005	1	103	29	313	25	208	53	80	item	6	80	-6	
0000005	1	104	97	347	17	301	121	309	item	6	309	-6	
0000005	1	105	146	266	43	220	6	290	order	1	-1	220	
0000005	1	106	139	52	67	316	396	143	order	6	-6	143	
0000005	1	107	108	286	325	333	174	227	item	1	108	-1	
0000005	1	108	116	99	384	285	15	319	item	5	15	-5	
0000005	1	109	194	318	381	5	26	296	item	5	26	-5	
0000005	1	110	195	242	9	380	252	317	order	3	-3	242	
0000005	1	111	117	302	311	30	123	120	order	4	-4	30	
0000005	1	112	101	229	59	399	134	48	item	2	229	-2	
0000005	1	113	8	207	236	329	238	199	order	3	-3	207	
0000005	1	114	21	39	135	235	226	203	order	3	-3	135	
0000005	1	115	188	95	216	11	173	47	order	5	-5	173	
0000005	1	116	228	55	147	13	268	261	item	6	261	-6	
0000005	1	117	372	68	69	310	168	293	item	3	69	-3	
0000005	1	118	181	38	295	192	310	257	item	6	257	-6	
0000005	1	119	180	39	165	124	231	18	item	3	165	-3	
0000005	1	120	120	216	359	148	292	243	order	4	-4	359	
0000005	1	121	173	25	240	384	215	234	order	1	-1	173	
0000005	1	122	333	219	271	92	85	163	order	5	-5	85	
0000005	1	123	105	339	227	300	145	187	order	4	-4	300	
0000005	1	124	287	283	268	116	63	372	item	3	268	-3	
0000005	1	125	365	334	44	28	100	213	item	2	334	-2	
0000005	1	126	346	312	288	281	32	340	order	2	-2	312	
0000005	1	127	49	363	73	298	326	7	order	2	-2	363	
0000005	1	128	172	348	115	350	345	254	item	4	350	-4	
0000005	1	129	248	317	389	354	24	398	item	5	24	-5	
0000005	1	130	308	137	89	200	356	152	item	4	200	-4	
0000005	1	131	259	343	306	40	194	270	order	6	-6	270	
0000005	1	132	304	210	144	133	59	78	item	6	78	-6	
0000005	1	133	26	269	233	262	277	379	item	1	26	-1	
0000005	1	134	70	168	5	252	279	151	item	3	5	-3	
0000005	1	135	388	43	110	88	103	376	item	2	43	-3	
0000005	1	136	183	238	106	315	188	102	item	2	238	-3	
0000005	1	137	6	91	349	230	342	228	item	4	230	-4	
0000005	1	138	113	128	111	309	355	217	order	3	-3	113	
0000005	1	139	190	236	325	191	159	127	order	4	-4	191	
0000005	1	140	177	68	208	392	140	203	item	5	140	-5	
0000005	1	141	157	142	264	313	179	220	order	2	-2	142	
0000005	1	142	36	286	321	136	195	380	order	4	-4	136	
0000005	1	143	386	108	16	226	204	138	item	1	386	-3	
0000005	1	144	374	198	239	27	158	19	item	4	27	-4	
0000005	1	145	311	45	267	189	61	255	item	3	267	-3	
0000005	1	146	15	122	397	175	383	79	item	2	122	-2	
0000005	1	147	29	303	160	197	17	276	item	1	29	-1	
0000005	1	148	153	154	81	275	65	378	item	4	275	-4	
0000005	1	149	33	130	95	278	178	75	order	4	-4	278	
0000005	1	150	71	251	67	368	357	69	order	1	-1	71	
0000005	1	151	377	10	369	332	150	330	order	3	-3	10	
0000005	1	152	316	265	382	53	51	86	item	4	53	-4	
0000005	1	153	135	161	289	335	90	244	item	1	135	-1	
0000005	1	154	206	90	276	45	64	228	item	4	45	-4	
0000005	1	155	254	202	316	172	151	353	order	3	-3	316	
0000005	1	156	184	297	399	224	330	238	item	5	330	-4	
0000005	1	157	128	248	236	119	0	369	order	4	-4	128	
0000005	1	158	193	117	53	290	14	356	order	1	-1	117	
0000005	1	159	81	244	18	373	16	260	order	3	-3	18	
0000005	1	160	313	66	15	56	389	213	item	6	213	-5	
0000005	1	161	269	271	261	43	61	348	order	6	-6	348	
0000005	1	162	135	385	73	125	300	311	order	2	-2	385	
0000005	1	163	218	374	391	211	104	28	item	1	218	-1	
0000005	1	164	355	191	338	176	95	138	item	4	176	-4	
0000005	1	165	48	142	222	182	302	85	order	2	-2	142	
0000005	1	166	46	264	284	23	207	233	order	1	-1	46	
0000005	1	167	344	148	94	174	376	234	order	2	-2	148	
0000005	1	168	178	86	87	301	310	345	order	3	-3	87	
0000005	1	169	77	340	323	144	72	80	item	1	77	-1	
0000005	1	170	201	274	327	22	351	62	item	1	201	-1	
0000005	1	171	262	199	108	217	120	214	item	4	217	-4	
0000005	1	172	365	27	304	137	392	307	order	3	-3	304	
0000005	1	173	239	371	280	84	50	136	item	1	239	-1	
0000005	1	174	55	195	324	212	231	381	order	4	-4	212	
0000005	1	175	362	3	229	156	44	123	item	6	123	-6	
0000005	1	176	227	4	188	375	267	289	item	6	289	-6	
0000005	1	177	71	127	343	189	112	319	order	2	-2	189	
0000005	1	178	33	130	380	279	215	170	order	5	-5	215	
0000005	1	179	203	57	34	140	58	285	item	6	285	-6	
0000005	1	180	394	131	384	283	192	308	order	1	-1	394	
0000005	1	181	129	235	273	335	223	145	item	3	273	-3	
0000005	1	182	326	245	146	388	165	322	order	2	-2	99	
0000005	1	183	318	6	17	332	265	247	order	1	-1	318	
0000005	1	184	184	391	384	106	126	58	order	2	-2	391	
0000005	1	185	229	43	55	181	165	361	item	6	361	-6	
0000005	1	186	105	192	40	210	29	122	order	5	-5	29	
0000005	1	187	1	253	179	139	281	349	order	6	-6	349	
0000005	1	188	326	41	374	103	268	92	order	2	-2	41	
0000005	1	189	25	315	379	378	323	42	order	6	-6	25	
0000005	1	190	385	203	221	138	151	272	item	4	138	-4	
0000005	1	191	322	114	164	99	24	48	item	1	322	-1	
0000005	1	192	188	36	3	307	72	202	order	6	-6	202	
0000005	1	193	78	341	161	195	233	254	order	1	-1	78	
0000005	1	194	175	60	333	399	219	319	order	5	-5	319	
0000005	1	195	56	146	120	197	342	73	item	5	342	-5	
0000005	1	196	104	387	279	312	28	305	order	4	-4	312	
0000005	1	197	96	263	177	248	2	261	item	1	96	-2	
0000005	1	198	377	354	117	22	18	244	order	1	-1	377	
0000005	1	199	293	102	152	135	371	144	item	3	152	-3	
0000005	1	200	174	345	298	35	394	275	item	2	345	-2	
0000005	1	201	4	90	316	186	227	84	item	5	227	-5	
0000005	1	202	38	94	118	241	368	129	order	5	-5	368	
0000005	1	203	238	234	310	337	397	335	order	3	-3	310	
0000005	1	204	153	110	97	200	285	109	order	3	-3	97	
0000005	1	205	183	33	296	358	201	235	item	6	235	-6	
0000005	1	206	237	45	113	212	116	52	order	6	-6	52	
0000005	1	207	154	68	256	32	124	334	order	6	-6	334	
0000005	1	208	167	218	95	132	321	348	order	5	-5	321	
0000005	1	209	147	304	77	65	12	274	item	3	77	-3	
0000005	1	210	258	211	273	170	79	172	item	5	79	-5	
0000005	1	211	193	214	398	123	367	133	order	6	-6	133	
0000005	1	212	355	85	62	302	71	220	item	2	85	-2	
0000005	1	213	98	128	283	370	264	108	item	3	283	-3	
0000005	1	214	257	221	93	276	343	235	order	2	-2	221	
0000005	1	215	65	103	185	35	163	265	order	1	-1	65	
0000005	1	216	386	179	230	178	19	225	item	2	179	-2	
0000005	1	217	246	18	68	12	293	317	order	4	-4	12	
0000005	1	218	138	274	166	0	175	147	order	5	-5	175	
0000005	1	219	349	375	397	104	286	87	item	5	286	-5	
0000005	1	220	83	311	352	211	226	183	order	6	-6	183	
0000005	1	221	80	49	234	191	350	15	order	1	-1	80	
0000005	1	222	232	301	285	64	239	60	item	3	285	-3	
0000005	1	223	4	360	59	168	228	218	order	4	-4	168	
0000005	1	224	346	318	90	387	13	79	item	6	79	-6	
0000005	1	225	158	111	354	192	81	202	item	5	81	-5	
0000005	1	226	189	254	220	339	153	312	order	4	-4	339	
0000005	1	227	320	367	25	33	204	141	item	5	204	-5	
0000005	1	228	133	110	371	148	210	126	order	3	-3	210	
0000005	1	229	302	213	88	258	241	173	order	2	-2	213	
0000005	1	230	107	102	69	67	188	55	item	1	107	-1	
0000005	1	231	11	236	308	394	315	388	order	4	-4	394	
0000005	1	232	206	187	76	399	209	284	order	1	-1	206	
0000005	1	233	21	384	263	14	37	279	item	2	384	-3	
0000005	1	234	182	39	24	292	32	250	order	5	-5	32	
0000005	1	235	180	134	304	316	262	277	order	5	-5	262	
0000005	1	236	1	125	335	291	340	333	order	2	-2	125	
0000005	1	237	136	23	381	391	7	217	item	5	7	-5	
0000005	1	238	47	10	151	376	214	84	item	4	376	-4	
0000005	1	239	336	233	313	106	231	172	item	4	106	-4	
0000006	1	0	168	196	151	203	296	285	item	1	168	-1	
0000006	1	1	290	385	364	99	8	52	order	6	-6	52	
0000006	1	2	107	307	249	176	391	275	order	2	-2	302	
0000006	1	3	214	135	159	40	382	128	item	3	159	-4	
0000006	1	4	387	32	265	125	310	238	item	2	32	-3	
0000006	1	5	244	202	273	23	169	223	order	6	-6	223	
0000006	1	6	204	82	93	353	225	201	order	2	-2	82	
0000006	1	7	188	266	179	229	180	242	item	2	266	-2	
0000006	1	8	366	388	333	43	142	298	item	2	388	-3	
0000006	1	9	50	245	274	36	384	148	order	5	-5	384	
0000006	1	10	345	38	44	72	173	294	order	1	-1	345	
0000006	1	11	323	111	352	18	329	374	item	3	352	-2	
0000006	1	12	189	342	20	243	325	145	item	1	189	-1	
0000006	1	13	240	126	263	320	175	287	order	4	-4	320	
0000006	1	14	167	293	105	12	339	75	item	4	12	-4	
0000006	1	15	71	165	137	11	56	318	order	3	-3	162	
0000006	1	16	187	306	283	81	356	9	order	4	-4	283	
0000006	1	17	289	47	110	31	41	264	item	3	110	-3	
0000006	1	18	63	267	350	234	133	365	order	6	-6	365	
0000006	1	19	220	88	228	17	321	393	order	5	-5	321	
0000006	1	20	154	356	246	256	125	377	item	4	256	-4	
0000006	1	21	45	102	324	326	335	261	order	6	-6	261	
0000006	1	22	151	218	269	370	137	141	order	5	-5	137	
0000006	1	23	390	3	186	24	39	340	order	2	-2	3	
0000006	1	24	304	240	30	109	162	68	item	1	304	-1	
0000006	1	25	136	33	190	211	171	29	item	2	33	-2	
0000006	1	26	129	367	105	225	50	9	item	4	225	-4	
0000006	1	27	243	40	239	258	70	262	order	3	-3	239	
0000006	1	28	0	210	375	232	351	194	order	1	-1	0	
0000006	1	29	42	13	347	267	200	253	order	3	-3	253	
0000006	1	30	114	35	54	284	10	132	item	1	114	-1	
0000006	1	31	395	274	66	260	155	115	item	6	115	-6	
0000006	1	32	241	117	47	393	296	193	item	4	393	-4	
0000006	1	33	12	289	199	287	160	244	item	4	287	-3	
0000006	1	34	309	392	14	336	74	31	item	1	309	-4	
0000006	1	35	169	359	219	142	152	389	item	6	389	-6	
0000006	1	36	178	86	369	362	265	286	order	3	-3	178	
0000006	1	37	209	43	216	291	79	128	order	5	-5	79	
0000006	1	38	173	63	325	166	394	206	item	6	206	-6	
0000006	1	39	397	217	126	131	140	299	item	6	299	-6	
0000006	1	40	202	313	185	76	319	249	order	3	-3	313	
0000006	1	41	266	121	399	293	97	113	item	2	121	-2	
0000006	1	42	73	223	251	84	384	254	item	6	254	-6	
0000006	1	43	343	124	337	11	230	163	order	6	-6	163	
0000006	1	44	398	345	156	314	159	94	order	4	-4	159	
0000006	1	45	213	49	147	279	58	5	item	6	5	-6	
0000006	1	46	88	37	133	349	307	221	item	4	349	-4	
0000006	1	47	25	310	342	273	148	282	item	4	273	-3	
0000006	1	48	311	51	158	118	355	92	item	1	311	-1	
0000006	1	49	207	237	2	300	116	396	item	4	300	-4	
0000006	1	50	174	167	346	270	56	328	item	5	56	-5	
0000006	1	51	198	371	233	344	139	7	order	2	-2	139	
0000006	1	52	165	183	361	22	391	306	order	5	-5	391	
0000006	1	53	352	288	201	247	250	234	item	5	250	-5	
0000006	1	54	204	177	99	380	123	170	item	1	204	-1	
0000006	1	55	227	181	378	122	32	161	order	2	-2	378	
0000006	1	56	42	72	378	61	244	136	item	5	244	-5	
0000006	1	57	394	182	362	290	241	75	order	4	-4	290	
0000006	1	58	140	90	39	304	352	115	order	6	-6	115	
0000006	1	59	215	88	303	311	249	40	item	5	249	-5	
0000006	1	60	55	263	0	129	52	1	order	1	-1	0	
0000006	1	61	271	393	80	385	342	239	item	3	80	-2	
0000006	1	62	310	308	51	185	150	221	item	2	308	-2	
0000006	1	63	121	41	107	113	256	219	item	4	113	-5	
0000006	1	64	370	217	278	48	165	343	order	5	-5	165	
0000006	1	65	269	73	340	197	6	91	order	3	-3	73	
0000006	1	66	312	348	201	331	324	279	order	5	-5	324	
0000006	1	67	177	286	325	306	122	134	order	5	-5	122	
0000006	1	68	28	388	319	170	101	369	order	6	-6	369	
0000006	1	69	314	252	93	66	240	296	order	6	-6	296	
0000006	1	70	195	102	361	143	301	323	order	3	-3	361	
0000006	1	71	346	131	206	302	11	173	item	2	131	-2	
0000006	1	72	255	391	35	227	21	56	item	3	35	-2	
0000006	1	73	181	230	307	295	379	282	order	5	-5	379	
0000006	1	74	162	34	347	218	128	148	order	4	-4	128	
0000006	1	75	205	376	2	280	274	288	item	6	288	-6	
0000006	1	76	74	37	119	235	276	27	order	2	-2	119	
0000006	1	77	95	100	18	44	60	266	item	3	18	-3	
0000006	1	78	397	178	328	364	112	330	order	3	-3	178	
0000006	1	79	160	123	338	77	109	383	item	5	109	-5	
0000006	1	80	293	9	380	315	15	322	order	3	-3	380	
0000006	1	81	317	141	87	64	344	233	order	2	-2	141	
0000006	1	82	318	139	387	193	298	245	order	4	-4	387	
0000006	1	83	104	326	26	156	395	354	item	3	26	-4	
0000006	1	84	145	341	389	23	171	368	item	1	145	-1	
0000006	1	85	300	277	94	243	281	357	order	3	-3	357	
0000006	1	86	324	257	110	108	371	344	item	2	257	-2	
0000006	1	87	140	348	25	228	226	327	order	4	-4	25	
0000006	1	88	240	182	331	181	121	67	order	1	-1	240	
0000006	1	89	46	334	166	318	6	156	item	2	334	-3	
0000006	1	90	185	196	287	288	360	102	item	4	288	-4	
0000006	1	91	237	290	222	136	233	96	order	3	-3	136	
0000006	1	92	330	285	336	144	5	42	item	5	5	-5	
0000006	1	93	297	220	283	70	254	399	item	4	70	-4	
0000006	1	94	252	54	278	52	112	355	item	6	355	-6	
0000006	1	95	103	193	335	195	190	376	item	4	195	-4	
0000006	1	96	329	323	255	191	116	85	item	5	116	-5	
0000006	1	97	356	151	138	236	269	201	order	6	-6	201	
0000006	1	98	234	91	310	280	341	373	item	4	280	-4	
0000006	1	99	251	87	213	350	167	143	order	1	-1	167	
0000006	1	100	158	223	397	120	11	317	order	1	-1	158	
0000006	1	101	306	165	294	377	176	354	order	2	-2	176	
0000006	1	102	198	10	17	23	203	209	item	5	203	-5	
0000006	1	103	369	393	312	200	315	311	item	6	311	-6	
0000006	1	104	66	391	173	326	94	316	order	1	-1	66	
0000006	1	105	378	18	12	368	352	123	order	1	-1	12	
0000006	1	106	384	172	2	130	34	242	item	3	2	-4	
0000006	1	107	265	395	346	60	43	212	order	4	-4	359	
0000006	1	108	183	114	358	205	53	65	order	1	-1	183	
0000006	1	109	118	97	211	109	362	48	order	6	-6	48	
0000006	1	110	8	204	261	305	142	325	item	1	8	-1	
0000006	1	111	388	365	128	267	197	168	item	3	128	-4	
0000006	1	112	14	372	125	89	340	214	order	1	-1	14	
0000006	1	113	268	95	27	260	122	338	item	3	27	-4	
0000006	1	114	0	111	47	279	32	320	order	5	-5	111	
0000006	1	115	380	24	15	216	303	247	item	5	303	-5	
0000006	1	116	245	382	244	300	160	232	item	6	232	-6	
0000006	1	117	81	115	170	117	308	390	order	5	-5	308	
0000006	1	118	274	322	41	284	293	37	item	1	274	-1	
0000006	1	119	189	127	230	72	78	398	item	1	189	-1	
0000006	1	120	152	98	382	217	245	315	order	2	-2	98	
0000006	1	121	273	134	68	348	333	383	item	6	383	-6	
0000006	1	122	275	11	256	49	307	301	order	6	-6	301	
0000006	1	123	317	394	345	357	108	32	item	2	394	-2	
0000006	1	124	224	123	331	228	271	126	order	1	-1	224	
0000006	1	125	178	79	322	57	354	65	order	4	-4	57	
0000006	1	126	100	82	247	237	80	212	item	6	212	-6	
0000006	1	127	17	377	200	280	283	346	order	5	-5	283	
0000006	1	128	218	340	95	269	30	373	item	5	30	-5	
0000006	1	129	363	393	185	299	291	167	item	6	167	-6	
0000006	1	130	215	33	41	338	127	285	item	4	338	-6	
0000006	1	131	343	293	39	54	246	267	order	5	-5	246	
0000006	1	132	390	29	160	27	270	190	item	1	390	-1	
0000006	1	133	38	238	107	282	234	261	item	1	38	-1	
0000006	1	134	356	292	324	120	130	304	item	5	130	-5	
0000006	1	135	294	13	214	289	73	141	item	4	289	-4	
0000006	1	136	105	216	206	297	88	321	order	1	-1	105	
0000006	1	137	170	202	8	254	250	226	order	5	-5	250	
0000006	1	138	274	145	222	252	34	87	item	1	274	-1	
0000006	1	139	99	22	175	182	142	118	item	1	99	-1	
0000006	1	140	23	113	396	24	391	288	item	4	24	-4	
0000006	1	141	122	242	258	101	353	272	item	6	272	-6	
0000006	1	142	53	177	360	339	207	371	order	2	-2	339	
0000006	1	143	172	52	74	277	119	366	order	3	-3	366	
0000006	1	144	164	244	290	380	7	284	order	3	-3	284	
0000006	1	145	341	278	387	368	359	97	item	5	359	-5	
0000006	1	146	399	281	158	37	4	50	order	4	-4	37	
0000006	1	147	128	336	96	374	15	213	order	6	-6	213	
0000006	1	148	240	140	2	116	347	76	order	2	-2	116	
0000006	1	149	309	201	369	36	209	43	item	2	201	-4	
0000006	1	150	179	287	184	325	0	199	item	4	325	-4	
0000006	1	151	48	78	155	72	386	70	order	1	-1	78	
0000006	1	152	248	109	20	6	154	352	order	6	-6	248	
0000006	1	153	350	365	349	68	217	354	item	2	365	-4	
0000006	1	154	338	34	331	233	150	292	order	2	-2	338	
0000006	1	155	27	364	45	312	256	325	order	5	-5	256	
0000006	1	156	195	53	381	327	358	24	order	4	-4	53	
0000006	1	157	168	242	303	235	62	181	item	2	242	-4	
0000006	1	158	334	247	37	393	126	57	order	4	-4	260	
0000006	1	159	330	143	206	174	192	66	order	1	-1	131	
0000006	1	160	140	299	305	353	90	103	order	6	-6	103	
0000006	1	161	102	213	300	320	52	310	item	2	213	-2	
0000006	1	162	244	135	129	241	230	215	item	1	244	-1	
0000006	1	163	39	115	214	248	386	229	item	2	115	-4	
0000006	1	164	101	328	249	55	142	287	order	1	-1	101	
0000006	1	165	344	306	203	399	4	376	order	1	-1	344	
0000006	1	166	72	212	222	116	291	277	order	2	-2	222	
0000006	1	167	254	8	204	146	85	118	item	6	118	-6	
0000006	1	168	268	60	191	71	88	46	item	3	191	-3	
0000006	1	169	304	264	169	269	288	209	item	4	269	-4	
0000006	1	170	356	25	388	239	51	380	item	3	388	-4	
0000006	1	171	194	378	84	395	128	75	order	5	-5	128	
0000006	1	172	179	243	332	14	246	207	order	6	-6	207	
0000006	1	173	343	70	123	16	61	56	order	1	-1	343	
0000006	1	174	265	110	271	190	379	373	order	3	-3	379	
0000006	1	175	311	367	339	398	139	161	order	2	-2	367	
0000006	1	176	286	149	81	185	144	91	order	5	-5	144	
0000006	1	177	329	296	117	148	151	324	item	5	151	-5	
0000006	1	178	180	279	302	322	63	234	item	6	234	-6	
0000006	1	179	10	11	340	31	58	167	order	6	-6	167	
0000006	1	180	108	397	69	232	266	228	item	5	266	-5	
0000006	1	181	345	29	253	224	141	20	item	4	224	-4	
0000006	1	182	240	35	21	65	294	359	order	1	-1	240	
0000006	1	183	191	291	326	143	150	366	order	3	-3	228	
0000006	1	184	82	5	122	179	49	256	item	3	122	-3	
0000006	1	185	139	321	78	145	68	30	order	4	-4	314	
0000006	1	186	94	190	258	192	300	369	item	2	190	-3	
0000006	1	187	217	370	275	205	277	248	order	1	-1	370	
0000006	1	188	168	106	193	391	335	264	order	2	-2	106	
0000006	1	189	173	142	226	383	336	95	item	2	142	-3	
0000006	1	190	124	10	378	235	160	241	order	6	-6	241	
0000006	1	191	227	231	55	50	23	2	order	2	-2	176	
0000006	1	192	384	260	257	146	393	211	order	6	-6	211	
0000006	1	193	357	19	339	121	302	120	order	6	-6	120	
0000006	1	194	102	9	100	157	348	132	order	3	-3	102	
0000006	1	195	33	236	200	101	240	252	item	5	240	-5	
0000006	1	196	395	320	350	194	140	64	order	4	-4	194	
0000006	1	197	161	196	169	162	204	303	order	1	-1	161	
0000006	1	198	368	349	218	183	222	387	order	4	-4	387	
0000006	1	199	63	133	338	26	389	117	item	6	117	-6	
0000006	1	200	175	37	238	234	29	44	item	1	175	-1	
0000006	1	201	374	327	382	131	16	346	item	6	346	-6	
0000006	1	202	181	13	67	99	341	3	order	3	-3	181	
0000006	1	203	0	107	89	268	41	180	item	3	89	-3	
0000006	1	204	381	42	318	329	225	43	item	3	318	-4	
0000006	1	205	266	38	109	345	174	373	order	4	-4	266	
0000006	1	206	11	84	35	397	308	18	item	4	397	-4	
0000006	1	207	36	274	342	86	296	270	item	3	342	-3	
0000006	1	208	149	355	332	148	224	232	item	2	355	-4	
0000006	1	209	206	151	360	297	153	110	item	5	153	-5	
0000006	1	210	62	90	141	359	40	188	item	5	40	-5	
0000006	1	211	154	330	253	198	69	163	item	2	330	-4	
0000006	1	212	323	111	290	251	93	398	order	2	-2	223	
0000006	1	213	210	85	118	165	113	189	item	3	118	-2	
0000006	1	214	114	294	164	242	103	186	item	3	164	-3	
0000006	1	215	363	202	112	286	340	71	order	4	-4	202	
0000006	1	216	109	322	319	206	258	160	item	1	109	-1	
0000006	1	217	44	279	183	0	32	11	order	3	-3	32	
0000006	1	218	25	152	113	53	87	66	item	3	113	-3	
0000006	1	219	172	28	244	4	397	213	order	6	-6	213	
0000006	1	220	42	203	388	16	217	362	item	5	217	-5	
0000006	1	221	389	261	251	333	360	304	item	1	389	-1	
0000006	1	222	128	86	233	154	344	185	item	6	185	-6	
0000006	1	223	348	334	176	131	175	292	order	2	-2	131	
0000006	1	224	293	307	48	215	306	284	item	3	48	-2	
0000006	1	225	163	384	302	321	188	137	order	3	-3	302	
0000006	1	226	60	274	249	90	245	115	item	6	115	-6	
0000006	1	227	121	98	126	127	290	124	item	5	290	-5	
0000006	1	228	354	382	340	248	159	54	order	2	-2	54	
0000006	1	229	68	372	278	67	167	297	order	5	-5	167	
0000006	1	230	197	94	329	298	201	289	order	4	-4	201	
0000006	1	231	309	254	43	370	257	202	item	2	254	-2	
0000006	1	232	281	394	275	285	326	385	item	1	281	-1	
0000006	1	233	265	179	199	303	145	106	order	5	-5	265	
0000006	1	234	291	129	166	64	63	9	order	5	-5	63	
0000006	1	235	184	300	95	130	14	196	item	5	14	-5	
0000006	1	236	381	230	146	273	39	80	order	4	-4	273	
0000006	1	237	287	139	239	117	225	207	order	4	-4	117	
0000006	1	238	339	76	30	392	155	232	order	2	-2	30	
0000006	1	239	255	237	140	299	330	296	order	3	-3	296	
