123	1	0	0	383	128	238	350	287	172	item	3	238	-1	
123	1	0	1	383	128	238	350	287	172	item	4	350	-1	
123	1	0	2	383	128	238	350	287	172	item	6	172	-1	
123	1	0	3	383	128	238	350	287	172	item	2	128	-1	
123	1	0	4	383	128	238	350	287	172	item	5	287	-1	
123	1	0	5	383	128	238	350	287	172	item	1	383	-1	
999	1	0	0	127	371	218	345	163	325	item	2	371	-3	
999	1	0	1	127	371	218	345	163	325	item	4	345	-3	
999	1	0	2	127	371	218	345	163	325	item	5	163	-3	
999	1	0	3	127	371	218	345	163	325	item	3	218	-3	
999	1	0	4	127	371	218	345	163	325	item	6	325	-3	
999	1	0	5	127	371	218	345	163	325	item	1	127	-3	
999	1	1	0	133	41	186	271	84	7	order	3	-3	271	
999	1	1	1	133	41	186	271	84	7	order	6	-6	271	
999	1	1	2	133	41	186	271	84	7	order	2	-2	271	
999	1	1	3	133	41	186	271	84	7	order	1	-1	271	
999	1	1	4	133	41	186	271	84	7	order	4	-4	271	
999	1	1	5	133	41	186	271	84	7	order	5	-5	271	
000	1	0	0	70	46	147	206	245	342	item	4	206	-4	
000	1	0	1	70	46	147	206	245	342	item	2	46	-1	
000	1	0	2	70	46	147	206	245	342	item	6	342	-6	
000	1	0	3	70	46	147	206	245	342	item	3	147	-2	
000	1	0	4	70	46	147	206	245	342	item	1	70	-3	
000	1	0	5	70	46	147	206	245	342	item	5	245	-5	
000	1	1	0	287	182	381	213	160	331	order	1	-1	287	
000	1	1	1	287	182	381	213	160	331	order	3	-3	381	
000	1	1	2	287	182	381	213	160	331	order	2	-2	182	
000	1	1	3	287	182	381	213	160	331	order	5	-5	213	
000	1	1	4	287	182	381	213	160	331	order	6	-6	331	
000	1	1	5	287	182	381	213	160	331	order	4	-4	381	
000	1	2	0	163	349	142	368	234	353	item	2	349	-2	
000	1	2	1	163	349	142	368	234	353	item	3	142	-3	
000	1	2	2	163	349	142	368	234	353	item	4	368	-4	
000	1	2	3	163	349	142	368	234	353	item	5	234	-5	
000	1	2	4	163	349	142	368	234	353	item	1	163	-1	
000	1	2	5	163	349	142	368	234	353	item	6	353	-6	
000	1	3	0	391	152	50	201	367	6	item	3	50	-3	
000	1	3	1	391	152	50	201	367	6	item	4	201	-2	
000	1	3	2	391	152	50	201	367	6	item	1	391	-1	
000	1	3	3	391	152	50	201	367	6	item	6	6	-4	
000	1	3	4	391	152	50	201	367	6	item	2	152	-5	
000	1	3	5	391	152	50	201	367	6	item	5	367	-6	
000	1	4	0	103	202	220	98	385	3	order	5	-5	202	
000	1	4	1	103	202	220	98	385	3	order	6	-6	3	
000	1	4	2	103	202	220	98	385	3	order	1	-1	220	
000	1	4	3	103	202	220	98	385	3	order	3	-3	385	
000	1	4	4	103	202	220	98	385	3	order	4	-4	98	
000	1	4	5	103	202	220	98	385	3	order	2	-2	376	
000	1	5	0	34	276	302	171	24	372	order	3	-3	171	
000	1	5	1	34	276	302	171	24	372	order	1	-1	34	
000	1	5	2	34	276	302	171	24	372	order	6	-6	372	
000	1	5	3	34	276	302	171	24	372	order	2	-2	276	
000	1	5	4	34	276	302	171	24	372	order	4	-4	24	
000	1	5	5	34	276	302	171	24	372	order	5	-5	302	
000	1	6	0	270	36	198	351	63	136	order	3	-3	198	
000	1	6	1	270	36	198	351	63	136	order	1	-1	270	
000	1	6	2	270	36	198	351	63	136	order	4	-4	118	
000	1	6	3	270	36	198	351	63	136	order	2	-2	36	
000	1	6	4	270	36	198	351	63	136	order	6	-6	136	
000	1	6	5	270	36	198	351	63	136	order	5	-5	351	
000	1	7	0	162	293	362	326	69	184	item	3	362	-3	
000	1	7	1	162	293	362	326	69	184	item	1	162	-1	
000	1	7	2	162	293	362	326	69	184	item	6	184	-6	
000	1	7	3	162	293	362	326	69	184	item	5	69	-5	
000	1	7	4	162	293	362	326	69	184	item	2	293	-2	
000	1	7	5	162	293	362	326	69	184	item	4	326	-4	
000	1	8	0	244	387	386	208	257	12	item	1	244	-1	
000	1	8	1	244	387	386	208	257	12	item	3	386	-4	
000	1	8	2	244	387	386	208	257	12	item	6	12	-3	
000	1	8	3	244	387	386	208	257	12	item	2	387	-2	
000	1	8	4	244	387	386	208	257	12	item	4	208	-6	
000	1	8	5	244	387	386	208	257	12	item	5	257	-5	
000	1	9	0	55	398	185	395	78	358	item	2	398	-2	
000	1	9	1	55	398	185	395	78	358	item	4	395	-4	
000	1	9	2	55	398	185	395	78	358	item	5	78	-5	
000	1	9	3	55	398	185	395	78	358	item	6	358	-6	
000	1	9	4	55	398	185	395	78	358	item	1	55	-1	
000	1	9	5	55	398	185	395	78	358	item	3	185	-3	
000	1	10	0	105	335	317	100	355	57	item	1	105	-1	
000	1	10	1	105	335	317	100	355	57	item	4	100	-3	
000	1	10	2	105	335	317	100	355	57	item	2	335	-2	
000	1	10	3	105	335	317	100	355	57	item	5	355	-6	
000	1	10	4	105	335	317	100	355	57	item	3	317	-5	
000	1	10	5	105	335	317	100	355	57	item	6	57	-4	
000	1	11	0	397	30	328	89	17	233	item	5	17	-5	
000	1	11	1	397	30	328	89	17	233	item	4	89	-4	
000	1	11	2	397	30	328	89	17	233	item	3	328	-2	
000	1	11	3	397	30	328	89	17	233	item	6	233	-6	
000	1	11	4	397	30	328	89	17	233	item	1	397	-1	
000	1	11	5	397	30	328	89	17	233	item	2	30	-3	
000	1	12	0	306	149	85	49	303	121	item	5	303	-5	
000	1	12	1	306	149	85	49	303	121	item	4	49	-2	
000	1	12	2	306	149	85	49	303	121	item	1	306	-4	
000	1	12	3	306	149	85	49	303	121	item	6	121	-6	
000	1	12	4	306	149	85	49	303	121	item	2	149	-3	
000	1	12	5	306	149	85	49	303	121	item	3	85	-1	
000	1	13	0	14	44	54	251	240	380	order	5	-5	240	
000	1	13	1	14	44	54	251	240	380	order	3	-3	344	
000	1	13	2	14	44	54	251	240	380	order	6	-6	380	
000	1	13	3	14	44	54	251	240	380	order	4	-4	54	
000	1	13	4	14	44	54	251	240	380	order	1	-1	14	
000	1	13	5	14	44	54	251	240	380	order	2	-2	212	
000	1	14	0	290	313	357	5	286	348	order	1	-1	290	
000	1	14	1	290	313	357	5	286	348	order	3	-3	313	
000	1	14	2	290	313	357	5	286	348	order	2	-2	5	
000	1	14	3	290	313	357	5	286	348	order	4	-4	313	
000	1	14	4	290	313	357	5	286	348	order	5	-5	286	
000	1	14	5	290	313	357	5	286	348	order	6	-6	348	
000	1	15	0	151	21	256	225	229	239	item	5	229	-5	
000	1	15	1	151	21	256	225	229	239	item	1	151	-1	
000	1	15	2	151	21	256	225	229	239	item	6	239	-6	
000	1	15	3	151	21	256	225	229	239	item	2	21	-3	
000	1	15	4	151	21	256	225	229	239	item	3	256	-4	
000	1	15	5	151	21	256	225	229	239	item	4	225	-2	
000	1	16	0	262	156	288	177	90	267	item	3	288	-3	
000	1	16	1	262	156	288	177	90	267	item	1	262	-2	
000	1	16	2	262	156	288	177	90	267	item	5	90	-5	
000	1	16	3	262	156	288	177	90	267	item	2	156	-1	
000	1	16	4	262	156	288	177	90	267	item	6	267	-6	
000	1	16	5	262	156	288	177	90	267	item	4	177	-4	
000	1	17	0	374	148	278	243	137	338	order	1	-1	263	
000	1	17	1	374	148	278	243	137	338	order	4	-4	243	
000	1	17	2	374	148	278	243	137	338	order	5	-5	137	
000	1	17	3	374	148	278	243	137	338	order	2	-2	155	
000	1	17	4	374	148	278	243	137	338	order	6	-6	338	
000	1	17	5	374	148	278	243	137	338	order	3	-3	278	
000	1	18	0	157	373	215	383	8	32	item	4	383	-4	
000	1	18	1	157	373	215	383	8	32	item	6	32	-6	
000	1	18	2	157	373	215	383	8	32	item	1	157	-1	
000	1	18	3	157	373	215	383	8	32	item	2	373	-2	
000	1	18	4	157	373	215	383	8	32	item	5	8	-5	
000	1	18	5	157	373	215	383	8	32	item	3	215	-3	
000	1	19	0	62	175	104	80	81	77	item	3	104	-3	
000	1	19	1	62	175	104	80	81	77	item	2	175	-2	
000	1	19	2	62	175	104	80	81	77	item	5	81	-4	
000	1	19	3	62	175	104	80	81	77	item	4	80	-5	
000	1	19	4	62	175	104	80	81	77	item	1	62	-1	
000	1	19	5	62	175	104	80	81	77	item	6	77	-6	
000	1	20	0	139	390	346	247	45	91	order	3	-3	247	
000	1	20	1	139	390	346	247	45	91	order	4	-4	346	
000	1	20	2	139	390	346	247	45	91	order	6	-6	91	
000	1	20	3	139	390	346	247	45	91	order	5	-5	45	
000	1	20	4	139	390	346	247	45	91	order	2	-2	390	
000	1	20	5	139	390	346	247	45	91	order	1	-1	139	
000	1	21	0	22	340	377	316	164	315	item	3	377	-3	
000	1	21	1	22	340	377	316	164	315	item	6	315	-6	
000	1	21	2	22	340	377	316	164	315	item	4	316	-4	
000	1	21	3	22	340	377	316	164	315	item	1	22	-1	
000	1	21	4	22	340	377	316	164	315	item	2	340	-2	
000	1	21	5	22	340	377	316	164	315	item	5	164	-5	
000	1	22	0	291	101	309	364	111	116	item	3	309	-3	
000	1	22	1	291	101	309	364	111	116	item	5	111	-5	
000	1	22	2	291	101	309	364	111	116	item	4	364	-4	
000	1	22	3	291	101	309	364	111	116	item	6	116	-6	
000	1	22	4	291	101	309	364	111	116	item	2	101	-2	
000	1	22	5	291	101	309	364	111	116	item	1	291	-1	
000	1	23	0	301	271	166	266	10	324	item	2	271	-2	
000	1	23	1	301	271	166	266	10	324	item	3	166	-3	
000	1	23	2	301	271	166	266	10	324	item	5	10	-5	
000	1	23	3	301	271	166	266	10	324	item	6	324	-6	
000	1	23	4	301	271	166	266	10	324	item	4	266	-4	
000	1	23	5	301	271	166	266	10	324	item	1	301	-1	
000	1	24	0	48	265	65	341	226	343	item	2	265	-3	
000	1	24	1	48	265	65	341	226	343	item	3	65	-5	
000	1	24	2	48	265	65	341	226	343	item	4	341	-3	
000	1	24	3	48	265	65	341	226	343	item	5	226	-5	
000	1	24	4	48	265	65	341	226	343	item	6	343	-6	
000	1	24	5	48	265	65	341	226	343	item	1	48	-1	
000	1	25	0	129	277	371	304	200	231	item	5	200	-5	
000	1	25	1	129	277	371	304	200	231	item	4	304	-4	
000	1	25	2	129	277	371	304	200	231	item	1	129	-1	
000	1	25	3	129	277	371	304	200	231	item	3	371	-3	
000	1	25	4	129	277	371	304	200	231	item	6	231	-6	
000	1	25	5	129	277	371	304	200	231	item	2	277	-2	
000	1	26	0	82	211	15	312	178	284	item	5	178	-5	
000	1	26	1	82	211	15	312	178	284	item	4	312	-4	
000	1	26	2	82	211	15	312	178	284	item	1	82	-1	
000	1	26	3	82	211	15	312	178	284	item	3	15	-3	
000	1	26	4	82	211	15	312	178	284	item	2	211	-2	
000	1	26	5	82	211	15	312	178	284	item	6	284	-6	
000	1	27	0	310	9	11	127	93	396	item	6	396	-6	
000	1	27	1	310	9	11	127	93	396	item	3	11	-3	
000	1	27	2	310	9	11	127	93	396	item	5	93	-5	
000	1	27	3	310	9	11	127	93	396	item	2	9	-2	
000	1	27	4	310	9	11	127	93	396	item	4	127	-4	
000	1	27	5	310	9	11	127	93	396	item	1	310	-1	
000	1	28	0	249	25	52	33	227	71	item	1	249	-1	
000	1	28	1	249	25	52	33	227	71	item	4	33	-3	
000	1	28	2	249	25	52	33	227	71	item	2	25	-6	
000	1	28	3	249	25	52	33	227	71	item	5	227	-2	
000	1	28	4	249	25	52	33	227	71	item	6	71	-4	
000	1	28	5	249	25	52	33	227	71	item	3	52	-5	
000	1	29	0	29	187	369	145	122	275	item	5	122	-5	
000	1	29	1	29	187	369	145	122	275	item	4	145	-4	
000	1	29	2	29	187	369	145	122	275	item	1	29	-2	
000	1	29	3	29	187	369	145	122	275	item	2	187	-3	
000	1	29	4	29	187	369	145	122	275	item	6	275	-6	
000	1	29	5	29	187	369	145	122	275	item	3	369	-1	
000	1	30	0	0	221	74	384	365	64	order	4	-4	384	
000	1	30	1	0	221	74	384	365	64	order	1	-1	365	
000	1	30	2	0	221	74	384	365	64	order	2	-2	221	
000	1	30	3	0	221	74	384	365	64	order	6	-6	64	
000	1	30	4	0	221	74	384	365	64	order	3	-3	379	
000	1	30	5	0	221	74	384	365	64	order	5	-5	365	
000	1	31	0	204	108	123	19	236	37	item	4	19	-4	
000	1	31	1	204	108	123	19	236	37	item	3	123	-3	
000	1	31	2	204	108	123	19	236	37	item	5	236	-5	
000	1	31	3	204	108	123	19	236	37	item	1	204	-1	
000	1	31	4	204	108	123	19	236	37	item	2	108	-2	
000	1	31	5	204	108	123	19	236	37	item	6	37	-6	
000	1	32	0	294	329	230	42	95	322	order	5	-5	95	
000	1	32	1	294	329	230	42	95	322	order	1	-1	294	
000	1	32	2	294	329	230	42	95	322	order	2	-2	329	
000	1	32	3	294	329	230	42	95	322	order	4	-4	42	
000	1	32	4	294	329	230	42	95	322	order	6	-6	322	
000	1	32	5	294	329	230	42	95	322	order	3	-3	230	
000	1	33	0	380	324	6	300	45	352	order	4	-4	300	
000	1	33	1	380	324	6	300	45	352	order	6	-6	352	
000	1	33	2	380	324	6	300	45	352	order	1	-1	380	
000	1	33	3	380	324	6	300	45	352	order	3	-3	6	
000	1	33	4	380	324	6	300	45	352	order	5	-5	45	
000	1	33	5	380	324	6	300	45	352	order	2	-2	324	
000	1	34	0	102	398	220	351	70	364	item	2	398	-3	
000	1	34	1	102	398	220	351	70	364	item	5	70	-5	
000	1	34	2	102	398	220	351	70	364	item	1	102	-1	
000	1	34	3	102	398	220	351	70	364	item	3	220	-3	
000	1	34	4	102	398	220	351	70	364	item	4	351	-4	
000	1	34	5	102	398	220	351	70	364	item	6	364	-6	
000	1	35	0	126	243	97	160	87	216	item	5	87	-5	
000	1	35	1	126	243	97	160	87	216	item	2	243	-2	
000	1	35	2	126	243	97	160	87	216	item	6	216	-6	
000	1	35	3	126	243	97	160	87	216	item	4	160	-4	
000	1	35	4	126	243	97	160	87	216	item	3	97	-3	
000	1	35	5	126	243	97	160	87	216	item	1	126	-1	
000	1	36	0	291	309	203	375	325	394	order	1	-1	309	
000	1	36	1	291	309	203	375	325	394	order	5	-5	325	
000	1	36	2	291	309	203	375	325	394	order	3	-3	69	
000	1	36	3	291	309	203	375	325	394	order	6	-6	394	
000	1	36	4	291	309	203	375	325	394	order	4	-4	375	
000	1	36	5	291	309	203	375	325	394	order	2	-2	291	
000	1	37	0	273	386	124	259	7	342	order	6	-6	342	
000	1	37	1	273	386	124	259	7	342	order	2	-2	273	
000	1	37	2	273	386	124	259	7	342	order	1	-1	124	
000	1	37	3	273	386	124	259	7	342	order	4	-4	259	
000	1	37	4	273	386	124	259	7	342	order	5	-5	7	
000	1	37	5	273	386	124	259	7	342	order	3	-3	386	
000	1	38	0	244	48	271	215	180	35	order	1	-1	244	
000	1	38	1	244	48	271	215	180	35	order	3	-3	271	
000	1	38	2	244	48	271	215	180	35	order	5	-5	180	
000	1	38	3	244	48	271	215	180	35	order	6	-6	35	
000	1	38	4	244	48	271	215	180	35	order	4	-4	215	
000	1	38	5	244	48	271	215	180	35	order	2	-2	349	
000	1	39	0	181	390	30	187	154	303	order	2	-2	390	
000	1	39	1	181	390	30	187	154	303	order	3	-3	187	
000	1	39	2	181	390	30	187	154	303	order	6	-6	303	
000	1	39	3	181	390	30	187	154	303	order	5	-5	154	
000	1	39	4	181	390	30	187	154	303	order	4	-4	30	
000	1	39	5	181	390	30	187	154	303	order	1	-1	181	
000	1	40	0	345	333	176	331	19	132	item	1	345	-1	
000	1	40	1	345	333	176	331	19	132	item	6	132	-6	
000	1	40	2	345	333	176	331	19	132	item	2	333	-2	
000	1	40	3	345	333	176	331	19	132	item	5	19	-5	
000	1	40	4	345	333	176	331	19	132	item	4	331	-3	
000	1	40	5	345	333	176	331	19	132	item	3	176	-4	
000	1	41	0	191	170	11	131	237	264	order	5	-5	237	
000	1	41	1	191	170	11	131	237	264	order	3	-3	389	
000	1	41	2	191	170	11	131	237	264	order	1	-1	191	
000	1	41	3	191	170	11	131	237	264	order	6	-6	264	
000	1	41	4	191	170	11	131	237	264	order	4	-4	131	
000	1	41	5	191	170	11	131	237	264	order	2	-2	170	
000	1	42	0	104	38	195	211	256	24	order	5	-5	256	
000	1	42	1	104	38	195	211	256	24	order	6	-6	24	
000	1	42	2	104	38	195	211	256	24	order	3	-3	195	
000	1	42	3	104	38	195	211	256	24	order	2	-2	38	
000	1	42	4	104	38	195	211	256	24	order	4	-4	211	
000	1	42	5	104	38	195	211	256	24	order	1	-1	104	
000	1	43	0	185	64	60	395	298	372	order	4	-4	60	
000	1	43	1	185	64	60	395	298	372	order	2	-2	64	
000	1	43	2	185	64	60	395	298	372	order	3	-3	395	
000	1	43	3	185	64	60	395	298	372	order	5	-5	326	
000	1	43	4	185	64	60	395	298	372	order	1	-1	313	
000	1	43	5	185	64	60	395	298	372	order	6	-6	372	
000	1	44	0	146	171	148	136	312	31	order	3	-3	148	
000	1	44	1	146	171	148	136	312	31	order	2	-2	171	
000	1	44	2	146	171	148	136	312	31	order	6	-6	31	
000	1	44	3	146	171	148	136	312	31	order	4	-4	136	
000	1	44	4	146	171	148	136	312	31	order	1	-1	376	
000	1	44	5	146	171	148	136	312	31	order	5	-5	312	
000	1	45	0	152	353	238	358	58	292	item	2	353	-2	
000	1	45	1	152	353	238	358	58	292	item	4	358	-4	
000	1	45	2	152	353	238	358	58	292	item	3	238	-3	
000	1	45	3	152	353	238	358	58	292	item	6	292	-6	
000	1	45	4	152	353	238	358	58	292	item	1	152	-1	
000	1	45	5	152	353	238	358	58	292	item	5	58	-5	
000	1	46	0	245	246	0	276	385	234	order	4	-4	0	
000	1	46	1	245	246	0	276	385	234	order	6	-6	234	
000	1	46	2	245	246	0	276	385	234	order	2	-2	246	
000	1	46	3	245	246	0	276	385	234	order	1	-1	314	
000	1	46	4	245	246	0	276	385	234	order	5	-5	385	
000	1	46	5	245	246	0	276	385	234	order	3	-3	296	
000	1	47	0	28	25	221	145	208	269	item	1	28	-3	
000	1	47	1	28	25	221	145	208	269	item	5	208	-5	
000	1	47	2	28	25	221	145	208	269	item	3	221	-2	
000	1	47	3	28	25	221	145	208	269	item	6	269	-6	
000	1	47	4	28	25	221	145	208	269	item	2	25	-1	
000	1	47	5	28	25	221	145	208	269	item	4	145	-4	
000	1	48	0	17	260	88	56	81	79	order	6	-6	79	
000	1	48	1	17	260	88	56	81	79	order	3	-3	328	
000	1	48	2	17	260	88	56	81	79	order	5	-5	81	
000	1	48	3	17	260	88	56	81	79	order	1	-1	199	
000	1	48	4	17	260	88	56	81	79	order	4	-4	14	
000	1	48	5	17	260	88	56	81	79	order	2	-2	199	
000	1	49	0	201	57	37	13	290	251	item	3	37	-3	
000	1	49	1	201	57	37	13	290	251	item	6	251	-6	
000	1	49	2	201	57	37	13	290	251	item	1	201	-1	
000	1	49	3	201	57	37	13	290	251	item	4	13	-4	
000	1	49	4	201	57	37	13	290	251	item	2	57	-2	
000	1	49	5	201	57	37	13	290	251	item	5	290	-5	
000	1	50	0	362	289	85	72	175	228	order	1	-1	362	
000	1	50	1	362	289	85	72	175	228	order	2	-2	289	
000	1	50	2	362	289	85	72	175	228	order	5	-5	175	
000	1	50	3	362	289	85	72	175	228	order	4	-4	72	
000	1	50	4	362	289	85	72	175	228	order	6	-6	228	
000	1	50	5	362	289	85	72	175	228	order	3	-3	32	
000	1	51	0	363	231	381	186	327	205	order	6	-6	205	
000	1	51	1	363	231	381	186	327	205	order	1	-1	381	
000	1	51	2	363	231	381	186	327	205	order	2	-2	363	
000	1	51	3	363	231	381	186	327	205	order	5	-5	327	
000	1	51	4	363	231	381	186	327	205	order	3	-3	186	
000	1	51	5	363	231	381	186	327	205	order	4	-4	186	
000	1	52	0	338	192	204	335	34	198	item	6	198	-6	
000	1	52	1	338	192	204	335	34	198	item	2	192	-2	
000	1	52	2	338	192	204	335	34	198	item	5	34	-5	
000	1	52	3	338	192	204	335	34	198	item	3	204	-3	
000	1	52	4	338	192	204	335	34	198	item	4	335	-4	
000	1	52	5	338	192	204	335	34	198	item	1	338	-1	
000	1	53	0	229	99	27	297	12	109	order	1	-1	27	
000	1	53	1	229	99	27	297	12	109	order	5	-5	12	
000	1	53	2	229	99	27	297	12	109	order	2	-2	229	
000	1	53	3	229	99	27	297	12	109	order	3	-3	99	
000	1	53	4	229	99	27	297	12	109	order	4	-4	297	
000	1	53	5	229	99	27	297	12	109	order	6	-6	109	
000	1	54	0	226	36	173	63	119	116	order	4	-4	63	
000	1	54	1	226	36	173	63	119	116	order	2	-2	36	
000	1	54	2	226	36	173	63	119	116	order	1	-1	226	
000	1	54	3	226	36	173	63	119	116	order	3	-3	357	
000	1	54	4	226	36	173	63	119	116	order	6	-6	116	
000	1	54	5	226	36	173	63	119	116	order	5	-5	119	
000	1	55	0	193	46	55	41	268	89	item	6	89	-6	
000	1	55	1	193	46	55	41	268	89	item	2	46	-1	
000	1	55	2	193	46	55	41	268	89	item	4	41	-4	
000	1	55	3	193	46	55	41	268	89	item	5	268	-5	
000	1	55	4	193	46	55	41	268	89	item	1	193	-2	
000	1	55	5	193	46	55	41	268	89	item	3	55	-3	
000	1	56	0	51	391	252	54	196	8	order	6	-6	8	
000	1	56	1	51	391	252	54	196	8	order	2	-2	391	
000	1	56	2	51	391	252	54	196	8	order	5	-5	196	
000	1	56	3	51	391	252	54	196	8	order	4	-4	252	
000	1	56	4	51	391	252	54	196	8	order	3	-3	252	
000	1	56	5	51	391	252	54	196	8	order	1	-1	51	
000	1	57	0	254	241	284	253	329	361	item	5	329	-5	
000	1	57	1	254	241	284	253	329	361	item	2	241	-2	
000	1	57	2	254	241	284	253	329	361	item	4	253	-4	
000	1	57	3	254	241	284	253	329	361	item	3	284	-1	
000	1	57	4	254	241	284	253	329	361	item	1	254	-3	
000	1	57	5	254	241	284	253	329	361	item	6	361	-6	
000	1	58	0	306	230	39	368	111	167	item	6	167	-6	
000	1	58	1	306	230	39	368	111	167	item	4	368	-4	
000	1	58	2	306	230	39	368	111	167	item	3	39	-5	
000	1	58	3	306	230	39	368	111	167	item	5	111	-3	
000	1	58	4	306	230	39	368	111	167	item	2	230	-1	
000	1	58	5	306	230	39	368	111	167	item	1	306	-2	
000	1	59	0	242	359	18	61	235	247	item	3	18	-3	
000	1	59	1	242	359	18	61	235	247	item	2	359	-2	
000	1	59	2	242	359	18	61	235	247	item	5	235	-5	
000	1	59	3	242	359	18	61	235	247	item	6	247	-6	
000	1	59	4	242	359	18	61	235	247	item	1	242	-1	
000	1	59	5	242	359	18	61	235	247	item	4	61	-4	
000	1	60	0	142	212	316	84	77	143	item	1	142	-3	
000	1	60	1	142	212	316	84	77	143	item	2	212	-1	
000	1	60	2	142	212	316	84	77	143	item	6	143	-6	
000	1	60	3	142	212	316	84	77	143	item	5	77	-4	
000	1	60	4	142	212	316	84	77	143	item	4	84	-5	
000	1	60	5	142	212	316	84	77	143	item	3	316	-1	
000	1	61	0	190	1	219	213	130	107	item	2	1	-2	
000	1	61	1	190	1	219	213	130	107	item	3	219	-6	
000	1	61	2	190	1	219	213	130	107	item	1	190	-1	
000	1	61	3	190	1	219	213	130	107	item	6	107	-6	
000	1	61	4	190	1	219	213	130	107	item	5	130	-5	
000	1	61	5	190	1	219	213	130	107	item	4	213	-4	
000	1	62	0	135	137	163	388	320	78	item	2	137	-2	
000	1	62	1	135	137	163	388	320	78	item	3	163	-4	
000	1	62	2	135	137	163	388	320	78	item	4	388	-4	
000	1	62	3	135	137	163	388	320	78	item	1	135	-1	
000	1	62	4	135	137	163	388	320	78	item	6	78	-5	
000	1	62	5	135	137	163	388	320	78	item	5	320	-6	
000	1	63	0	280	168	23	9	91	366	order	3	-3	168	
000	1	63	1	280	168	23	9	91	366	order	2	-2	280	
000	1	63	2	280	168	23	9	91	366	order	1	-1	295	
000	1	63	3	280	168	23	9	91	366	order	4	-4	9	
000	1	63	4	280	168	23	9	91	366	order	5	-5	91	
000	1	63	5	280	168	23	9	91	366	order	6	-6	366	
000	1	64	0	124	180	158	275	142	107	item	5	142	-5	
000	1	64	1	124	180	158	275	142	107	item	1	124	-1	
000	1	64	2	124	180	158	275	142	107	item	3	158	-3	
000	1	64	3	124	180	158	275	142	107	item	6	107	-6	
000	1	64	4	124	180	158	275	142	107	item	2	180	-2	
000	1	64	5	124	180	158	275	142	107	item	4	275	-4	
000	1	65	0	332	200	317	339	88	192	order	3	-3	317	
000	1	65	1	332	200	317	339	88	192	order	6	-6	192	
000	1	65	2	332	200	317	339	88	192	order	2	-2	88	
000	1	65	3	332	200	317	339	88	192	order	1	-1	103	
000	1	65	4	332	200	317	339	88	192	order	4	-4	339	
000	1	65	5	332	200	317	339	88	192	order	5	-5	108	
000	1	66	0	113	181	235	320	365	212	item	2	181	-2	
000	1	66	1	113	181	235	320	365	212	item	4	320	-4	
000	1	66	2	113	181	235	320	365	212	item	1	113	-1	
000	1	66	3	113	181	235	320	365	212	item	5	365	-5	
000	1	66	4	113	181	235	320	365	212	item	6	212	-6	
000	1	66	5	113	181	235	320	365	212	item	3	235	-4	
000	1	67	0	114	283	337	3	286	247	item	5	286	-5	
000	1	67	1	114	283	337	3	286	247	item	4	3	-4	
000	1	67	2	114	283	337	3	286	247	item	2	283	-1	
000	1	67	3	114	283	337	3	286	247	item	3	337	-2	
000	1	67	4	114	283	337	3	286	247	item	1	114	-3	
000	1	67	5	114	283	337	3	286	247	item	6	247	-6	
000	1	68	0	381	184	351	112	64	126	item	6	126	-6	
000	1	68	1	381	184	351	112	64	126	item	3	351	-3	
000	1	68	2	381	184	351	112	64	126	item	2	184	-2	
000	1	68	3	381	184	351	112	64	126	item	1	381	-1	
000	1	68	4	381	184	351	112	64	126	item	5	64	-5	
000	1	68	5	381	184	351	112	64	126	item	4	112	-4	
000	1	69	0	2	334	269	335	327	216	order	2	-2	334	
000	1	69	1	2	334	269	335	327	216	order	6	-6	216	
000	1	69	2	2	334	269	335	327	216	order	4	-4	335	
000	1	69	3	2	334	269	335	327	216	order	1	-1	2	
000	1	69	4	2	334	269	335	327	216	order	3	-3	334	
000	1	69	5	2	334	269	335	327	216	order	5	-5	327	
000	1	70	0	295	231	368	229	258	75	order	4	-4	229	
000	1	70	1	295	231	368	229	258	75	order	2	-2	295	
000	1	70	2	295	231	368	229	258	75	order	6	-6	75	
000	1	70	3	295	231	368	229	258	75	order	3	-3	139	
000	1	70	4	295	231	368	229	258	75	order	5	-5	258	
000	1	70	5	295	231	368	229	258	75	order	1	-1	229	
000	1	71	0	195	313	266	366	7	209	order	1	-1	195	
000	1	71	1	195	313	266	366	7	209	order	5	-5	7	
000	1	71	2	195	313	266	366	7	209	order	3	-3	379	
000	1	71	3	195	313	266	366	7	209	order	2	-2	195	
000	1	71	4	195	313	266	366	7	209	order	4	-4	366	
000	1	71	5	195	313	266	366	7	209	order	6	-6	209	
000	1	72	0	29	388	8	133	349	285	order	1	-1	29	
000	1	72	1	29	388	8	133	349	285	order	2	-2	388	
000	1	72	2	29	388	8	133	349	285	order	6	-6	115	
000	1	72	3	29	388	8	133	349	285	order	4	-4	133	
000	1	72	4	29	388	8	133	349	285	order	5	-5	349	
000	1	72	5	29	388	8	133	349	285	order	3	-3	22	
000	1	73	0	157	138	143	318	169	84	item	6	84	-6	
000	1	73	1	157	138	143	318	169	84	item	2	138	-3	
000	1	73	2	157	138	143	318	169	84	item	5	169	-5	
000	1	73	3	157	138	143	318	169	84	item	1	157	-1	
000	1	73	4	157	138	143	318	169	84	item	4	318	-4	
000	1	73	5	157	138	143	318	169	84	item	3	143	-2	
000	1	74	0	47	48	74	45	154	262	order	5	-5	154	
000	1	74	1	47	48	74	45	154	262	order	3	-3	74	
000	1	74	2	47	48	74	45	154	262	order	4	-4	45	
000	1	74	3	47	48	74	45	154	262	order	6	-6	262	
000	1	74	4	47	48	74	45	154	262	order	2	-2	287	
000	1	74	5	47	48	74	45	154	262	order	1	-1	47	
000	1	75	0	242	372	39	279	300	179	order	1	-1	242	
000	1	75	1	242	372	39	279	300	179	order	6	-6	179	
000	1	75	2	242	372	39	279	300	179	order	5	-5	300	
000	1	75	3	242	372	39	279	300	179	order	3	-3	30	
000	1	75	4	242	372	39	279	300	179	order	4	-4	279	
000	1	75	5	242	372	39	279	300	179	order	2	-2	372	
000	1	76	0	82	338	261	298	399	331	item	4	298	-4	
000	1	76	1	82	338	261	298	399	331	item	3	261	-3	
000	1	76	2	82	338	261	298	399	331	item	6	331	-6	
000	1	76	3	82	338	261	298	399	331	item	1	82	-2	
000	1	76	4	82	338	261	298	399	331	item	5	399	-5	
000	1	76	5	82	338	261	298	399	331	item	2	338	-1	
000	1	77	0	171	201	150	227	326	85	order	5	-5	227	
000	1	77	1	171	201	150	227	326	85	order	3	-3	171	
000	1	77	2	171	201	150	227	326	85	order	2	-2	150	
000	1	77	3	171	201	150	227	326	85	order	6	-6	187	
000	1	77	4	171	201	150	227	326	85	order	4	-4	326	
000	1	77	5	171	201	150	227	326	85	order	1	-1	150	
000	1	78	0	18	278	156	15	330	354	order	3	-3	156	
000	1	78	1	18	278	156	15	330	354	order	2	-2	278	
000	1	78	2	18	278	156	15	330	354	order	6	-6	354	
000	1	78	3	18	278	156	15	330	354	order	4	-4	15	
000	1	78	4	18	278	156	15	330	354	order	5	-5	330	
000	1	78	5	18	278	156	15	330	354	order	1	-1	18	
000	1	79	0	393	219	370	248	51	81	order	5	-5	51	
000	1	79	1	393	219	370	248	51	81	order	1	-1	393	
000	1	79	2	393	219	370	248	51	81	order	2	-2	343	
000	1	79	3	393	219	370	248	51	81	order	3	-3	277	
000	1	79	4	393	219	370	248	51	81	order	4	-4	248	
000	1	79	5	393	219	370	248	51	81	order	6	-6	81	
000	1	80	0	141	352	19	288	382	25	order	6	-6	25	
000	1	80	1	141	352	19	288	382	25	order	3	-3	19	
000	1	80	2	141	352	19	288	382	25	order	1	-1	141	
000	1	80	3	141	352	19	288	382	25	order	2	-2	19	
000	1	80	4	141	352	19	288	382	25	order	5	-5	382	
000	1	80	5	141	352	19	288	382	25	order	4	-4	288	
000	1	81	0	170	96	79	260	140	21	order	3	-3	239	
000	1	81	1	170	96	79	260	140	21	order	4	-4	260	
000	1	81	2	170	96	79	260	140	21	order	5	-5	140	
000	1	81	3	170	96	79	260	140	21	order	6	-6	21	
000	1	81	4	170	96	79	260	140	21	order	2	-2	96	
000	1	81	5	170	96	79	260	140	21	order	1	-1	170	
000	1	82	0	380	174	270	233	49	100	order	3	-3	270	
000	1	82	1	380	174	270	233	49	100	order	6	-6	100	
000	1	82	2	380	174	270	233	49	100	order	1	-1	174	
000	1	82	3	380	174	270	233	49	100	order	4	-4	233	
000	1	82	4	380	174	270	233	49	100	order	5	-5	49	
000	1	82	5	380	174	270	233	49	100	order	2	-2	380	
000	1	83	0	9	120	297	294	41	116	item	1	9	-3	
000	1	83	1	9	120	297	294	41	116	item	4	294	-4	
000	1	83	2	9	120	297	294	41	116	item	2	120	-2	
000	1	83	3	9	120	297	294	41	116	item	3	297	-1	
000	1	83	4	9	120	297	294	41	116	item	6	116	-6	
000	1	83	5	9	120	297	294	41	116	item	5	41	-5	
000	1	84	0	98	303	342	68	190	52	order	4	-4	68	
000	1	84	1	98	303	342	68	190	52	order	5	-5	190	
000	1	84	2	98	303	342	68	190	52	order	1	-1	98	
000	1	84	3	98	303	342	68	190	52	order	6	-6	52	
000	1	84	4	98	303	342	68	190	52	order	3	-3	241	
000	1	84	5	98	303	342	68	190	52	order	2	-2	303	
000	1	85	0	65	218	128	340	276	159	order	2	-2	218	
000	1	85	1	65	218	128	340	276	159	order	4	-4	340	
000	1	85	2	65	218	128	340	276	159	order	6	-6	159	
000	1	85	3	65	218	128	340	276	159	order	5	-5	276	
000	1	85	4	65	218	128	340	276	159	order	3	-3	128	
000	1	85	5	65	218	128	340	276	159	order	1	-1	65	
000	1	86	0	44	314	267	16	293	290	item	6	290	-6	
000	1	86	1	44	314	267	16	293	290	item	2	314	-2	
000	1	86	2	44	314	267	16	293	290	item	1	44	-1	
000	1	86	3	44	314	267	16	293	290	item	4	16	-4	
000	1	86	4	44	314	267	16	293	290	item	3	267	-3	
000	1	86	5	44	314	267	16	293	290	item	5	293	-5	
000	1	87	0	164	390	272	36	244	371	item	3	272	-3	
000	1	87	1	164	390	272	36	244	371	item	4	36	-4	
000	1	87	2	164	390	272	36	244	371	item	2	390	-2	
000	1	87	3	164	390	272	36	244	371	item	6	371	-6	
000	1	87	4	164	390	272	36	244	371	item	1	164	-1	
000	1	87	5	164	390	272	36	244	371	item	5	244	-5	
000	1	88	0	83	292	131	80	232	42	item	3	131	-3	
000	1	88	1	83	292	131	80	232	42	item	4	80	-4	
000	1	88	2	83	292	131	80	232	42	item	6	42	-6	
000	1	88	3	83	292	131	80	232	42	item	1	83	-1	
000	1	88	4	83	292	131	80	232	42	item	5	232	-5	
000	1	88	5	83	292	131	80	232	42	item	2	292	-2	
000	1	89	0	234	35	40	185	238	162	item	6	162	-6	
000	1	89	1	234	35	40	185	238	162	item	4	185	-4	
000	1	89	2	234	35	40	185	238	162	item	3	40	-2	
000	1	89	3	234	35	40	185	238	162	item	2	35	-3	
000	1	89	4	234	35	40	185	238	162	item	1	234	-1	
000	1	89	5	234	35	40	185	238	162	item	5	238	-5	
000	1	90	0	24	4	62	387	105	252	order	1	-1	24	
000	1	90	1	24	4	62	387	105	252	order	6	-6	252	
000	1	90	2	24	4	62	387	105	252	order	3	-3	62	
000	1	90	3	24	4	62	387	105	252	order	5	-5	105	
000	1	90	4	24	4	62	387	105	252	order	2	-2	4	
000	1	90	5	24	4	62	387	105	252	order	4	-4	387	
000	1	91	0	396	69	265	224	31	92	order	4	-4	224	
000	1	91	1	396	69	265	224	31	92	order	5	-5	31	
000	1	91	2	396	69	265	224	31	92	order	3	-3	69	
000	1	91	3	396	69	265	224	31	92	order	1	-1	396	
000	1	91	4	396	69	265	224	31	92	order	2	-2	265	
000	1	91	5	396	69	265	224	31	92	order	6	-6	92	
000	1	92	0	5	144	118	27	306	324	item	6	324	-6	
000	1	92	1	5	144	118	27	306	324	item	3	118	-3	
000	1	92	2	5	144	118	27	306	324	item	2	144	-2	
000	1	92	3	5	144	118	27	306	324	item	4	27	-4	
000	1	92	4	5	144	118	27	306	324	item	1	5	-1	
000	1	92	5	5	144	118	27	306	324	item	5	306	-5	
000	1	93	0	54	166	23	251	186	145	item	4	251	-4	
000	1	93	1	54	166	23	251	186	145	item	1	54	-1	
000	1	93	2	54	166	23	251	186	145	item	6	145	-6	
000	1	93	3	54	166	23	251	186	145	item	3	23	-3	
000	1	93	4	54	166	23	251	186	145	item	2	166	-2	
000	1	93	5	54	166	23	251	186	145	item	5	186	-5	
000	1	94	0	348	320	242	74	303	250	order	6	-6	250	
000	1	94	1	348	320	242	74	303	250	order	2	-2	242	
000	1	94	2	348	320	242	74	303	250	order	5	-5	303	
000	1	94	3	348	320	242	74	303	250	order	4	-4	74	
000	1	94	4	348	320	242	74	303	250	order	1	-1	348	
000	1	94	5	348	320	242	74	303	250	order	3	-3	333	
000	1	95	0	212	289	165	78	300	89	item	6	89	-6	
000	1	95	1	212	289	165	78	300	89	item	4	78	-4	
000	1	95	2	212	289	165	78	300	89	item	3	165	-3	
000	1	95	3	212	289	165	78	300	89	item	2	289	-2	
000	1	95	4	212	289	165	78	300	89	item	1	212	-1	
000	1	95	5	212	289	165	78	300	89	item	5	300	-5	
000	1	96	0	140	269	54	353	339	101	item	6	101	-6	
000	1	96	1	140	269	54	353	339	101	item	2	269	-3	
000	1	96	2	140	269	54	353	339	101	item	5	339	-5	
000	1	96	3	140	269	54	353	339	101	item	1	140	-1	
000	1	96	4	140	269	54	353	339	101	item	3	54	-4	
000	1	96	5	140	269	54	353	339	101	item	4	353	-4	
000	1	97	0	341	367	312	331	112	59	order	4	-4	331	
000	1	97	1	341	367	312	331	112	59	order	1	-1	341	
000	1	97	2	341	367	312	331	112	59	order	2	-2	312	
000	1	97	3	341	367	312	331	112	59	order	6	-6	59	
000	1	97	4	341	367	312	331	112	59	order	5	-5	112	
000	1	97	5	341	367	312	331	112	59	order	3	-3	120	
000	1	98	0	23	327	139	398	259	206	item	4	398	-4	
000	1	98	1	23	327	139	398	259	206	item	6	206	-6	
000	1	98	2	23	327	139	398	259	206	item	1	23	-1	
000	1	98	3	23	327	139	398	259	206	item	5	259	-5	
000	1	98	4	23	327	139	398	259	206	item	3	139	-3	
000	1	98	5	23	327	139	398	259	206	item	2	327	-2	
000	1	99	0	222	75	42	305	84	251	item	3	42	-2	
000	1	99	1	222	75	42	305	84	251	item	2	75	-1	
000	1	99	2	222	75	42	305	84	251	item	5	84	-5	
000	1	99	3	222	75	42	305	84	251	item	4	305	-4	
000	1	99	4	222	75	42	305	84	251	item	1	222	-3	
000	1	99	5	222	75	42	305	84	251	item	6	251	-6	
000	1	100	0	263	301	335	76	390	81	order	5	-5	390	
000	1	100	1	263	301	335	76	390	81	order	4	-4	76	
000	1	100	2	263	301	335	76	390	81	order	3	-3	335	
000	1	100	3	263	301	335	76	390	81	order	1	-1	263	
000	1	100	4	263	301	335	76	390	81	order	2	-2	72	
000	1	100	5	263	301	335	76	390	81	order	6	-6	81	
000	1	101	0	183	389	18	241	275	248	order	2	-2	18	
000	1	101	1	183	389	18	241	275	248	order	6	-6	248	
000	1	101	2	183	389	18	241	275	248	order	3	-3	384	
000	1	101	3	183	389	18	241	275	248	order	5	-5	275	
000	1	101	4	183	389	18	241	275	248	order	4	-4	241	
000	1	101	5	183	389	18	241	275	248	order	1	-1	183	
000	1	102	0	298	254	6	185	203	129	order	5	-5	203	
000	1	102	1	298	254	6	185	203	129	order	6	-6	129	
000	1	102	2	298	254	6	185	203	129	order	1	-1	48	
000	1	102	3	298	254	6	185	203	129	order	2	-2	221	
000	1	102	4	298	254	6	185	203	129	order	3	-3	193	
000	1	102	5	298	254	6	185	203	129	order	4	-4	185	
000	1	103	0	40	229	178	257	16	292	order	5	-5	16	
000	1	103	1	40	229	178	257	16	292	order	6	-6	292	
000	1	103	2	40	229	178	257	16	292	order	1	-1	40	
000	1	103	3	40	229	178	257	16	292	order	4	-4	257	
000	1	103	4	40	229	178	257	16	292	order	3	-3	207	
000	1	103	5	40	229	178	257	16	292	order	2	-2	294	
000	1	104	0	370	58	45	29	272	350	item	5	272	-5	
000	1	104	1	370	58	45	29	272	350	item	6	350	-6	
000	1	104	2	370	58	45	29	272	350	item	1	370	-2	
000	1	104	3	370	58	45	29	272	350	item	3	45	-3	
000	1	104	4	370	58	45	29	272	350	item	4	29	-1	
000	1	104	5	370	58	45	29	272	350	item	2	58	-1	
000	1	105	0	175	200	283	98	282	371	order	2	-2	200	
000	1	105	1	175	200	283	98	282	371	order	1	-1	175	
000	1	105	2	175	200	283	98	282	371	order	6	-6	371	
000	1	105	3	175	200	283	98	282	371	order	3	-3	106	
000	1	105	4	175	200	283	98	282	371	order	4	-4	98	
000	1	105	5	175	200	283	98	282	371	order	5	-5	282	
000	1	106	0	256	208	365	318	347	306	order	1	-1	256	
000	1	106	1	256	208	365	318	347	306	order	3	-3	36	
000	1	106	2	256	208	365	318	347	306	order	2	-2	208	
000	1	106	3	256	208	365	318	347	306	order	4	-4	318	
000	1	106	4	256	208	365	318	347	306	order	5	-5	347	
000	1	106	5	256	208	365	318	347	306	order	6	-6	306	
000	1	107	0	145	393	35	357	399	230	item	4	357	-4	
000	1	107	1	145	393	35	357	399	230	item	6	230	-6	
000	1	107	2	145	393	35	357	399	230	item	2	393	-1	
000	1	107	3	145	393	35	357	399	230	item	3	35	-3	
000	1	107	4	145	393	35	357	399	230	item	1	145	-2	
000	1	107	5	145	393	35	357	399	230	item	5	399	-5	
000	1	108	0	204	171	41	80	186	260	item	4	80	-4	
000	1	108	1	204	171	41	80	186	260	item	3	41	-3	
000	1	108	2	204	171	41	80	186	260	item	5	186	-5	
000	1	108	3	204	171	41	80	186	260	item	2	171	-2	
000	1	108	4	204	171	41	80	186	260	item	1	204	-1	
000	1	108	5	204	171	41	80	186	260	item	6	260	-6	
000	1	109	0	85	234	240	321	43	19	order	5	-5	43	
000	1	109	1	85	234	240	321	43	19	order	4	-4	234	
000	1	109	2	85	234	240	321	43	19	order	2	-2	240	
000	1	109	3	85	234	240	321	43	19	order	3	-3	291	
000	1	109	4	85	234	240	321	43	19	order	6	-6	19	
000	1	109	5	85	234	240	321	43	19	order	1	-1	273	
000	1	110	0	189	9	202	352	32	117	order	1	-1	189	
000	1	110	1	189	9	202	352	32	117	order	2	-2	177	
000	1	110	2	189	9	202	352	32	117	order	3	-3	202	
000	1	110	3	189	9	202	352	32	117	order	4	-4	352	
000	1	110	4	189	9	202	352	32	117	order	5	-5	32	
000	1	110	5	189	9	202	352	32	117	order	6	-6	117	
000	1	111	0	102	60	355	363	39	12	order	6	-6	12	
000	1	111	1	102	60	355	363	39	12	order	2	-2	355	
000	1	111	2	102	60	355	363	39	12	order	1	-1	102	
000	1	111	3	102	60	355	363	39	12	order	4	-4	39	
000	1	111	4	102	60	355	363	39	12	order	3	-3	60	
000	1	111	5	102	60	355	363	39	12	order	5	-5	363	
000	1	112	0	394	66	214	4	124	156	item	2	66	-2	
000	1	112	1	394	66	214	4	124	156	item	4	4	-4	
000	1	112	2	394	66	214	4	124	156	item	1	394	-1	
000	1	112	3	394	66	214	4	124	156	item	6	156	-5	
000	1	112	4	394	66	214	4	124	156	item	5	124	-6	
000	1	112	5	394	66	214	4	124	156	item	3	214	-3	
000	1	113	0	261	379	362	376	37	279	item	6	279	-6	
000	1	113	1	261	379	362	376	37	279	item	3	362	-3	
000	1	113	2	261	379	362	376	37	279	item	5	37	-5	
000	1	113	3	261	379	362	376	37	279	item	2	379	-2	
000	1	113	4	261	379	362	376	37	279	item	4	376	-4	
000	1	113	5	261	379	362	376	37	279	item	1	261	-1	
000	1	114	0	255	197	380	190	295	103	order	3	-3	295	
000	1	114	1	255	197	380	190	295	103	order	2	-2	197	
000	1	114	2	255	197	380	190	295	103	order	6	-6	103	
000	1	114	3	255	197	380	190	295	103	order	5	-5	295	
000	1	114	4	255	197	380	190	295	103	order	4	-4	190	
000	1	114	5	255	197	380	190	295	103	order	1	-1	255	
000	1	115	0	209	315	244	174	93	249	order	3	-3	244	
000	1	115	1	209	315	244	174	93	249	order	2	-2	315	
000	1	115	2	209	315	244	174	93	249	order	1	-1	209	
000	1	115	3	209	315	244	174	93	249	order	4	-4	174	
000	1	115	4	209	315	244	174	93	249	order	6	-6	249	
000	1	115	5	209	315	244	174	93	249	order	5	-5	93	
000	1	116	0	319	47	309	336	5	0	order	5	-5	5	
000	1	116	1	319	47	309	336	5	0	order	6	-6	0	
000	1	116	2	319	47	309	336	5	0	order	4	-4	47	
000	1	116	3	319	47	309	336	5	0	order	3	-3	319	
000	1	116	4	319	47	309	336	5	0	order	2	-2	336	
000	1	116	5	319	47	309	336	5	0	order	1	-1	310	
000	1	117	0	194	50	201	33	343	113	item	2	50	-2	
000	1	117	1	194	50	201	33	343	113	item	4	33	-1	
000	1	117	2	194	50	201	33	343	113	item	3	201	-3	
000	1	117	3	194	50	201	33	343	113	item	1	194	-4	
000	1	117	4	194	50	201	33	343	113	item	5	343	-5	
000	1	117	5	194	50	201	33	343	113	item	6	113	-6	
000	1	118	0	314	163	243	153	231	34	order	4	-4	153	
000	1	118	1	314	163	243	153	231	34	order	3	-3	228	
000	1	118	2	314	163	243	153	231	34	order	2	-2	163	
000	1	118	3	314	163	243	153	231	34	order	5	-5	231	
000	1	118	4	314	163	243	153	231	34	order	1	-1	163	
000	1	118	5	314	163	243	153	231	34	order	6	-6	34	
000	1	119	0	337	308	338	172	311	130	order	6	-6	130	
000	1	119	1	337	308	338	172	311	130	order	4	-4	172	
000	1	119	2	337	308	338	172	311	130	order	3	-3	338	
000	1	119	3	337	308	338	172	311	130	order	5	-5	311	
000	1	119	4	337	308	338	172	311	130	order	2	-2	308	
000	1	119	5	337	308	338	172	311	130	order	1	-1	337	
